0.98305 0.00783 0.00065 0.00314 0.00533 2 3
0.99476 0.00177 0.00006 0.00172 0.00170 5 21
0.93409 0.02371 0.00048 0.01491 0.02681 9 70
0.71226 0.14291 0.00165 0.12991 0.01327 14 165
0.81056 0.06394 0.01142 0.10560 0.00848 20 330
0.18533 0.22527 0.37192 0.21425 0.00323 27 597
0.53636 0.20789 0.10505 0.13322 0.01748 35 994
0.26744 0.46267 0.06663 0.17637 0.02688 44 1561
0.28206 0.25853 0.06170 0.38341 0.01430 54 2338
0.26619 0.21685 0.10043 0.39909 0.01743 65 3373
0.26458 0.14002 0.11774 0.45089 0.02677 77 4726
0.33338 0.00833 0.19277 0.41363 0.05190 90 6447
0.13802 0.02136 0.09113 0.71921 0.03028 104 8587
0.19717 0.03644 0.06542 0.65773 0.04323 119 10634
0.30351 0.01924 0.10410 0.54613 0.02701 135 11679
0.30769 0.00167 0.08257 0.58841 0.01966 152 12089
0.21555 0.01543 0.10984 0.63236 0.02681 170 12099
