0.00002 0.00006 0.00033 0.99933 0.00026 0 0
0.11122 0.01441 0.00947 0.83656 0.02834 10 85
0.03290 0.06034 0.01195 0.89082 0.00399 20 330
0.07976 0.75629 0.01942 0.13148 0.01305 30 731
0.01298 0.90156 0.04107 0.03949 0.00490 40 1292
0.07891 0.81053 0.03485 0.07034 0.00537 50 2005
0.03336 0.86893 0.04047 0.05390 0.00334 60 2878
0.05493 0.69748 0.06087 0.18158 0.00515 70 3909
0.07174 0.57786 0.21734 0.12779 0.00526 80 5096
0.08896 0.72160 0.05507 0.12818 0.00618 90 6447
0.15313 0.55633 0.08814 0.19174 0.01067 100 7948
0.11084 0.65911 0.05840 0.16651 0.00513 110 9601
0.13072 0.59971 0.09207 0.16401 0.01348 120 11422
0.00000 0.00002 0.00005 0.99991 0.00001 0 0
0.42435 0.13065 0.04656 0.31784 0.08060 10 85
0.80606 0.06960 0.06424 0.04911 0.01099 20 330
0.48676 0.22641 0.21526 0.05822 0.01334 30 731
0.04339 0.26988 0.60554 0.07151 0.00968 40 1292
0.03962 0.66956 0.06960 0.21196 0.00927 50 2005
0.05869 0.46282 0.34422 0.13087 0.00339 60 2878
0.17083 0.48192 0.25424 0.08467 0.00834 70 3909
0.02569 0.84181 0.04291 0.08745 0.00214 80 5096
0.05886 0.43501 0.23450 0.26488 0.00675 90 6447
0.05975 0.27652 0.41931 0.23448 0.00994 100 7948
0.05982 0.49668 0.16355 0.27485 0.00509 110 9601
0.04325 0.61476 0.10586 0.22899 0.00714 120 11422
0.00024 0.00034 0.00022 0.99481 0.00440 0 0
0.68137 0.09051 0.00178 0.12393 0.10242 10 85
0.55884 0.21250 0.02695 0.17261 0.02910 20 330
0.46156 0.29121 0.04738 0.16680 0.03305 30 731
0.12137 0.64325 0.15166 0.07158 0.01214 40 1292
0.04150 0.80021 0.08036 0.06622 0.01171 50 2005
0.25762 0.50774 0.02961 0.19925 0.00579 60 2878
0.06130 0.45450 0.03528 0.44003 0.00889 70 3909
0.31581 0.16202 0.13596 0.35828 0.02794 80 5096
0.18769 0.13261 0.19286 0.47477 0.01207 90 6447
0.32535 0.04018 0.12324 0.48887 0.02235 100 7948
0.11404 0.01490 0.08417 0.77289 0.01400 110 9601
0.24841 0.09009 0.13251 0.50818 0.02080 120 11422
0.00013 0.00004 0.00067 0.99901 0.00014 0 0
0.61123 0.27528 0.00855 0.08584 0.01910 10 85
0.67054 0.16086 0.06492 0.08646 0.01721 20 330
0.30341 0.25674 0.39965 0.02768 0.01253 30 731
0.16508 0.14365 0.50204 0.17744 0.01178 40 1292
0.01419 0.03159 0.92943 0.02395 0.00085 50 2005
0.05468 0.20597 0.49061 0.24535 0.00339 60 2878
0.03822 0.50968 0.19164 0.25949 0.00096 70 3909
0.14251 0.29489 0.40252 0.15815 0.00193 80 5096
0.05690 0.46064 0.25136 0.22735 0.00375 90 6447
0.13572 0.24169 0.14072 0.47644 0.00544 100 7948
0.08594 0.26866 0.21687 0.42527 0.00326 110 9601
0.05942 0.20854 0.28041 0.44439 0.00724 120 11422
0.00000 0.00005 0.00008 0.99983 0.00003 0 0
0.10889 0.03262 0.02077 0.57897 0.25875 10 85
0.71354 0.04971 0.05969 0.15472 0.02234 20 330
0.11943 0.15930 0.68284 0.03077 0.00766 30 731
0.13023 0.47425 0.31741 0.06701 0.01110 40 1292
0.02645 0.61538 0.11285 0.23315 0.01217 50 2005
0.01888 0.85625 0.05433 0.06786 0.00268 60 2878
0.05372 0.77381 0.13358 0.03568 0.00321 70 3909
0.04949 0.58235 0.21334 0.14718 0.00764 80 5096
0.11198 0.64056 0.13947 0.09938 0.00860 90 6447
0.09644 0.65964 0.14634 0.09370 0.00387 100 7948
0.34445 0.32988 0.11733 0.18179 0.02655 110 9601
0.15836 0.45374 0.24413 0.13691 0.00686 120 11422
0.00119 0.00119 0.00025 0.99615 0.00122 0 0
0.00066 0.00007 0.00014 0.99814 0.00100 10 85
0.00726 0.00441 0.00060 0.98372 0.00400 20 330
0.12087 0.28370 0.02997 0.55916 0.00629 30 731
0.00552 0.82577 0.01667 0.14922 0.00281 40 1292
0.00860 0.82233 0.03977 0.12326 0.00605 50 2005
0.00325 0.90601 0.02270 0.06634 0.00171 60 2878
0.00222 0.96152 0.01552 0.01988 0.00085 70 3909
0.00630 0.88543 0.04793 0.05878 0.00155 80 5096
0.01654 0.76295 0.15861 0.05852 0.00337 90 6447
0.02445 0.69753 0.14898 0.12619 0.00286 100 7948
0.02138 0.79556 0.05470 0.12707 0.00129 110 9601
0.08477 0.66910 0.08598 0.15686 0.00329 120 11422
0.00002 0.00000 0.00012 0.99975 0.00011 0 0
0.69101 0.04770 0.00827 0.21560 0.03742 10 85
0.74207 0.14225 0.00835 0.08736 0.01997 20 330
0.35380 0.18282 0.44193 0.01680 0.00466 30 731
0.15856 0.52038 0.09984 0.21386 0.00737 40 1292
0.14115 0.30588 0.05016 0.49406 0.00876 50 2005
0.23937 0.26183 0.05778 0.42416 0.01686 60 2878
0.16624 0.27902 0.03877 0.50415 0.01182 70 3909
0.11840 0.62170 0.06036 0.19576 0.00378 80 5096
0.54105 0.34234 0.01848 0.09180 0.00632 90 6447
0.49561 0.31570 0.06696 0.11328 0.00845 100 7630
0.21781 0.44954 0.15791 0.16582 0.00892 110 8705
0.25950 0.45456 0.07900 0.20080 0.00614 120 9738
0.00125 0.00226 0.00268 0.86162 0.13218 0 0
0.00047 0.00049 0.00064 0.99819 0.00022 10 85
0.67681 0.21388 0.03340 0.06844 0.00748 20 330
0.03537 0.04404 0.91047 0.00575 0.00437 30 731
0.06436 0.06750 0.85123 0.01079 0.00612 40 1292
0.18473 0.23994 0.44660 0.11315 0.01558 50 2005
0.24429 0.03935 0.63902 0.06991 0.00742 60 2878
0.29745 0.42251 0.12529 0.14026 0.01449 70 3909
0.29792 0.42630 0.17216 0.08958 0.01404 80 5096
0.47455 0.20765 0.15199 0.15956 0.00625 90 6447
0.38379 0.22557 0.11268 0.26001 0.01795 100 7948
0.58474 0.18056 0.11261 0.11058 0.01151 110 9601
0.58392 0.14652 0.03522 0.22682 0.00752 120 11168
0.00118 0.02324 0.00003 0.95984 0.01572 0 0
0.40759 0.10806 0.00601 0.34705 0.13128 10 85
0.58346 0.15640 0.02975 0.19554 0.03486 20 330
0.11536 0.75003 0.02243 0.09849 0.01369 30 731
0.07781 0.64552 0.00748 0.26144 0.00775 40 1292
0.05171 0.72059 0.00233 0.21943 0.00593 50 2005
0.12320 0.49905 0.00580 0.35799 0.01396 60 2878
0.09369 0.60160 0.00532 0.29334 0.00605 70 3909
0.08037 0.78279 0.00435 0.12551 0.00697 80 5096
0.17382 0.50602 0.00398 0.30840 0.00778 90 6447
0.15570 0.42403 0.00321 0.40227 0.01479 100 7948
0.33542 0.29690 0.00863 0.33415 0.02490 110 9509
0.38598 0.43573 0.00434 0.16862 0.00534 120 10858
0.00837 0.06607 0.04569 0.68133 0.19854 0 0
0.45711 0.11493 0.01883 0.39479 0.01433 10 85
0.76625 0.15502 0.02870 0.03759 0.01245 20 330
0.28542 0.22170 0.45966 0.02635 0.00687 30 731
0.14485 0.51862 0.27000 0.05128 0.01525 40 1292
0.06171 0.22672 0.64212 0.06233 0.00712 50 2005
0.10432 0.15333 0.71544 0.02382 0.00309 60 2878
0.06935 0.66286 0.20321 0.05952 0.00506 70 3909
0.24969 0.26220 0.29875 0.18059 0.00877 80 5096
0.03442 0.12192 0.75522 0.08396 0.00449 90 6447
0.34339 0.24610 0.07225 0.32523 0.01303 100 7948
0.12742 0.50916 0.07560 0.28206 0.00576 110 9601
0.13358 0.29703 0.08621 0.47375 0.00942 120 11422
0.00039 0.00032 0.00101 0.99764 0.00064 0 0
0.18736 0.10542 0.01221 0.29184 0.40317 10 85
0.58842 0.26289 0.06236 0.05168 0.03465 20 330
0.34337 0.34105 0.24223 0.04020 0.03314 30 731
0.04714 0.57971 0.31445 0.03605 0.02265 40 1292
0.05560 0.72575 0.02113 0.18193 0.01559 50 2005
0.02000 0.94857 0.00368 0.02515 0.00260 60 2878
0.07404 0.77217 0.03980 0.10842 0.00558 70 3909
0.07361 0.62384 0.01074 0.29025 0.00156 80 5096
0.04767 0.44772 0.06589 0.43300 0.00572 90 6447
0.11969 0.19619 0.05341 0.62089 0.00982 100 7948
0.07085 0.12934 0.10835 0.67242 0.01904 110 9601
0.12437 0.10496 0.11709 0.63603 0.01755 120 11422
0.01301 0.94666 0.00103 0.03877 0.00053 0 0
0.05797 0.01653 0.00074 0.89449 0.03027 10 85
0.22158 0.08136 0.01926 0.63487 0.04293 20 330
0.11639 0.46460 0.32362 0.07488 0.02051 30 731
0.03005 0.76965 0.11445 0.08159 0.00426 40 1292
0.08216 0.67102 0.03104 0.20041 0.01538 50 2005
0.12014 0.75826 0.01040 0.10519 0.00601 60 2878
0.14719 0.67011 0.00602 0.17171 0.00497 70 3909
0.09797 0.71501 0.00801 0.17679 0.00223 80 5096
0.15071 0.59988 0.00320 0.24181 0.00441 90 6447
0.15946 0.62006 0.01071 0.20742 0.00236 100 7948
0.41240 0.30001 0.00358 0.28157 0.00245 110 9601
0.12550 0.51122 0.00946 0.35157 0.00225 120 11422
0.00029 0.00013 0.00014 0.99926 0.00018 0 0
0.00520 0.00069 0.00172 0.99190 0.00049 10 85
0.18240 0.06466 0.03653 0.70924 0.00717 20 330
0.19768 0.60966 0.09715 0.07890 0.01661 30 731
0.02144 0.82605 0.04060 0.10613 0.00577 40 1292
0.05136 0.55828 0.20581 0.17802 0.00652 50 2005
0.01867 0.84120 0.05044 0.08764 0.00205 60 2878
0.17691 0.51214 0.18394 0.12247 0.00454 70 3909
0.11371 0.47849 0.08300 0.31901 0.00579 80 5096
0.12822 0.21925 0.03656 0.60631 0.00966 90 6447
0.19812 0.28392 0.10067 0.40593 0.01135 100 7948
0.26721 0.31569 0.15657 0.25508 0.00546 110 9601
0.20928 0.44455 0.07893 0.25892 0.00833 120 11168
0.00049 0.00015 0.00093 0.99772 0.00071 0 0
0.30147 0.04751 0.02983 0.43335 0.18784 10 85
0.65699 0.28951 0.01292 0.02719 0.01339 20 330
0.20471 0.39444 0.34617 0.03243 0.02225 30 731
0.10039 0.61894 0.17476 0.03955 0.06635 40 1292
0.03802 0.68049 0.15662 0.11759 0.00728 50 2005
0.05685 0.59480 0.04154 0.29566 0.01114 60 2878
0.21212 0.47807 0.02177 0.28060 0.00744 70 3909
0.07014 0.68927 0.00555 0.23344 0.00160 80 5096
0.26281 0.07020 0.09980 0.54632 0.02087 90 6447
0.08230 0.05531 0.01407 0.84278 0.00554 100 7948
0.07740 0.02007 0.19370 0.68750 0.02133 110 9601
0.08976 0.28619 0.13960 0.46673 0.01773 120 11422
0.04086 0.00377 0.02012 0.18104 0.75421 0 0
0.58311 0.21846 0.05726 0.08773 0.05345 10 85
0.68594 0.17314 0.01992 0.08309 0.03790 20 330
0.24551 0.52255 0.13104 0.05951 0.04139 30 731
0.08458 0.70066 0.06681 0.09082 0.05714 40 1292
0.08894 0.82442 0.01639 0.05952 0.01073 50 2005
0.14797 0.68787 0.04314 0.09726 0.02376 60 2878
0.05247 0.88045 0.00940 0.05174 0.00594 70 3909
0.30172 0.39915 0.12426 0.12963 0.04525 80 5096
0.22353 0.67870 0.01170 0.07875 0.00732 90 6447
0.16253 0.62538 0.02825 0.17110 0.01274 100 7948
0.11972 0.81148 0.00774 0.05644 0.00462 110 9565
0.17241 0.70764 0.03135 0.07843 0.01018 120 10970
0.00118 0.93734 0.03194 0.02051 0.00902 0 0
0.62593 0.01313 0.00147 0.33436 0.02510 10 85
0.15281 0.02150 0.00725 0.79997 0.01847 20 330
0.04343 0.25008 0.01718 0.66075 0.02857 30 731
0.09687 0.58599 0.07117 0.22659 0.01939 40 1292
0.11200 0.63490 0.09519 0.14352 0.01439 50 2005
0.09600 0.52535 0.04775 0.32147 0.00944 60 2878
0.07722 0.65038 0.04621 0.21289 0.01331 70 3909
0.07487 0.43241 0.08551 0.38864 0.01857 80 5096
0.03139 0.38493 0.05526 0.51935 0.00907 90 6447
0.05930 0.66779 0.04438 0.21734 0.01117 100 7948
0.01893 0.58636 0.05654 0.33405 0.00411 110 9509
0.04317 0.57037 0.04901 0.33267 0.00478 120 10858
0.00002 0.00005 0.00008 0.99984 0.00002 0 0
0.16632 0.27834 0.00415 0.50661 0.04457 10 85
0.66582 0.17281 0.02616 0.10283 0.03238 20 330
0.23266 0.26781 0.42220 0.04945 0.02787 30 731
0.17427 0.42949 0.08631 0.28978 0.02014 40 1292
0.04386 0.74671 0.01989 0.18024 0.00930 50 2005
0.07345 0.69848 0.01101 0.20980 0.00726 60 2878
0.07734 0.65115 0.02145 0.24403 0.00603 70 3909
0.25815 0.21553 0.05023 0.45247 0.02361 80 5096
0.33625 0.16984 0.14644 0.31421 0.03327 90 6447
0.19913 0.44147 0.04449 0.30287 0.01204 100 7948
0.70937 0.09395 0.07092 0.09753 0.02823 110 9601
0.63198 0.08862 0.14383 0.09508 0.04049 120 11422
0.00007 0.00048 0.00263 0.99609 0.00074 0 0
0.00047 0.00374 0.00214 0.99289 0.00076 10 85
0.00659 0.02286 0.08818 0.88170 0.00067 20 330
0.08437 0.03827 0.84176 0.03355 0.00205 30 731
0.02818 0.35893 0.55262 0.05741 0.00286 40 1292
0.27597 0.49067 0.11444 0.11411 0.00480 50 2005
0.35576 0.37352 0.19268 0.06889 0.00915 60 2878
0.28818 0.12466 0.34708 0.20705 0.03303 70 3909
0.09236 0.47861 0.07444 0.34529 0.00929 80 5096
0.20150 0.46399 0.08147 0.24363 0.00940 90 6447
0.08746 0.31847 0.21072 0.37739 0.00596 100 7630
0.26978 0.33105 0.10990 0.27660 0.01267 110 8705
0.23883 0.33731 0.10748 0.30253 0.01385 120 9738
0.00807 0.00205 0.00641 0.88510 0.09837 0 0
0.02175 0.00587 0.00158 0.96937 0.00143 10 85
0.42120 0.31480 0.07524 0.17680 0.01196 20 330
0.01915 0.79414 0.16898 0.01473 0.00300 30 731
0.10101 0.62189 0.14689 0.09359 0.03662 40 1292
0.12142 0.58309 0.20860 0.07936 0.00754 50 2005
0.03864 0.67387 0.04998 0.22929 0.00822 60 2878
0.13416 0.35379 0.01956 0.47536 0.01714 70 3909
0.22835 0.32575 0.08717 0.34457 0.01415 80 5096
0.15833 0.45044 0.02256 0.36231 0.00637 90 6447
0.05153 0.73409 0.01875 0.19284 0.00279 100 7948
0.29353 0.31864 0.02353 0.35686 0.00744 110 9539
0.19964 0.34675 0.02477 0.42453 0.00431 120 10915
0.00014 0.00041 0.00079 0.99830 0.00038 0 0
0.09030 0.03529 0.03165 0.74495 0.09780 10 85
0.01421 0.00437 0.00300 0.97629 0.00213 20 330
0.29227 0.63421 0.03584 0.03529 0.00239 30 731
0.10760 0.45237 0.38019 0.05054 0.00931 40 1292
0.01524 0.88447 0.06385 0.03353 0.00292 50 2005
0.01555 0.88253 0.06010 0.03994 0.00188 60 2878
0.13418 0.39658 0.41686 0.04900 0.00338 70 3909
0.06580 0.22643 0.65851 0.04401 0.00525 80 5096
0.19036 0.42951 0.20881 0.16043 0.01089 90 6447
0.22380 0.19130 0.34792 0.22866 0.00832 100 7948
0.08768 0.14411 0.58652 0.16556 0.01613 110 9601
0.09933 0.50060 0.20035 0.19234 0.00738 120 11422
0.01031 0.00154 0.01117 0.96475 0.01223 0 0
0.76735 0.06225 0.02248 0.06570 0.08222 10 85
0.71427 0.09774 0.04827 0.12386 0.01586 20 330
0.22482 0.36495 0.34651 0.05911 0.00461 30 731
0.11075 0.43916 0.40384 0.03916 0.00709 40 1292
0.11495 0.54987 0.13969 0.17674 0.01875 50 2005
0.03151 0.42379 0.44514 0.09149 0.00806 60 2878
0.07858 0.16861 0.72056 0.02957 0.00268 70 3909
0.19957 0.14691 0.59372 0.05780 0.00200 80 5096
0.12057 0.28495 0.46345 0.12616 0.00487 90 6447
0.19968 0.12629 0.52799 0.14207 0.00397 100 7948
0.11713 0.19867 0.35585 0.32701 0.00135 110 9601
0.25115 0.13267 0.32987 0.28077 0.00554 120 11422
0.00001 0.00002 0.00002 0.99994 0.00001 0 0
0.66689 0.16315 0.03324 0.07145 0.06528 10 85
0.66124 0.18997 0.02370 0.09874 0.02634 20 330
0.16048 0.20395 0.57004 0.05469 0.01084 30 731
0.06990 0.09094 0.76766 0.05465 0.01685 40 1292
0.02672 0.84640 0.03419 0.08576 0.00693 50 2005
0.02882 0.87648 0.00944 0.08167 0.00359 60 2878
0.05386 0.81025 0.01550 0.11801 0.00237 70 3909
0.32250 0.45586 0.04618 0.17171 0.00376 80 5096
0.18141 0.49879 0.14213 0.16674 0.01093 90 6447
0.18093 0.61097 0.04414 0.16070 0.00326 100 7948
0.09488 0.40329 0.13349 0.35983 0.00851 110 9601
0.11980 0.26771 0.26222 0.33744 0.01283 120 11422
0.00013 0.00008 0.00003 0.99925 0.00051 0 0
0.00012 0.00014 0.00020 0.99927 0.00027 10 85
0.01756 0.00283 0.00124 0.97731 0.00107 20 330
0.28391 0.52005 0.12318 0.05322 0.01964 30 731
0.05634 0.81770 0.06984 0.04225 0.01387 40 1292
0.06069 0.72619 0.01478 0.19228 0.00606 50 2005
0.05963 0.88534 0.01661 0.03568 0.00275 60 2878
0.10366 0.75219 0.04710 0.09142 0.00563 70 3909
0.08039 0.83109 0.03382 0.05267 0.00203 80 5096
0.11819 0.36367 0.15296 0.35682 0.00836 90 6447
0.30086 0.18189 0.37248 0.13862 0.00614 100 7948
0.36522 0.22491 0.18910 0.20076 0.02002 110 9601
0.51262 0.10764 0.16014 0.19052 0.02907 120 11422
0.00212 0.01325 0.00672 0.95579 0.02212 0 0
0.43451 0.26775 0.00344 0.16191 0.13240 10 85
0.13820 0.24326 0.01113 0.52254 0.08488 20 330
0.06707 0.81028 0.06688 0.04896 0.00681 30 731
0.01800 0.76145 0.01189 0.20014 0.00852 40 1292
0.03754 0.78153 0.02574 0.14666 0.00853 50 2005
0.04107 0.70454 0.00678 0.23917 0.00843 60 2878
0.05458 0.70179 0.00491 0.23547 0.00325 70 3909
0.10293 0.55076 0.00765 0.32744 0.01121 80 5096
0.04536 0.67035 0.00613 0.27327 0.00489 90 6447
0.07990 0.25255 0.00592 0.65848 0.00315 100 7948
0.13593 0.34225 0.00629 0.51039 0.00514 110 9601
0.11037 0.50364 0.00556 0.37638 0.00405 120 11422
0.43092 0.08713 0.01033 0.45957 0.01205 0 0
0.55236 0.16130 0.03581 0.20883 0.04171 10 85
0.45432 0.22992 0.22888 0.07380 0.01307 20 330
0.32351 0.23199 0.39944 0.03304 0.01202 30 731
0.06070 0.48935 0.13286 0.30589 0.01120 40 1292
0.20582 0.48487 0.10545 0.19489 0.00897 50 2005
0.08558 0.59075 0.07855 0.24223 0.00290 60 2878
0.08049 0.58155 0.05058 0.28367 0.00371 70 3909
0.12160 0.37300 0.05810 0.43201 0.01529 80 5096
0.03597 0.62403 0.10768 0.22868 0.00363 90 6447
0.11193 0.31043 0.08109 0.48603 0.01053 100 7630
0.19192 0.37873 0.02647 0.39068 0.01219 110 8705
0.14765 0.40086 0.03911 0.40389 0.00850 120 9738
0.00032 0.00011 0.00006 0.99914 0.00038 0 0
0.05955 0.10139 0.00288 0.69835 0.13783 10 85
0.09777 0.68221 0.05530 0.14591 0.01881 20 330
0.33756 0.31461 0.11991 0.20868 0.01924 30 731
0.35678 0.23917 0.03840 0.34851 0.01714 40 1292
0.32556 0.28748 0.04078 0.33300 0.01318 50 2005
0.13770 0.69622 0.01940 0.13825 0.00844 60 2878
0.17902 0.48104 0.04047 0.28355 0.01592 70 3909
0.62972 0.15030 0.03428 0.16243 0.02328 80 5083
0.51842 0.19823 0.05184 0.20048 0.03103 90 6101
0.38551 0.24449 0.08620 0.25762 0.02618 100 7031
0.47741 0.12957 0.03697 0.34288 0.01317 110 7920
0.61947 0.14197 0.09037 0.12508 0.02312 120 8792
0.00889 0.00964 0.00176 0.96967 0.01005 0 0
0.34300 0.14319 0.00352 0.45540 0.05489 10 85
0.37967 0.22519 0.04952 0.31225 0.03337 20 330
0.18443 0.32502 0.35692 0.09451 0.03913 30 731
0.05393 0.73113 0.04297 0.14989 0.02209 40 1292
0.02722 0.58544 0.02222 0.34626 0.01886 50 2005
0.01719 0.80128 0.00850 0.16750 0.00554 60 2878
0.02842 0.68455 0.01526 0.26740 0.00437 70 3909
0.01854 0.56050 0.02028 0.39750 0.00318 80 5096
0.03097 0.44170 0.06887 0.45321 0.00525 90 6447
0.02793 0.57725 0.02645 0.36436 0.00401 100 7948
0.00969 0.78741 0.04813 0.15422 0.00056 110 9601
0.06148 0.42915 0.15797 0.34586 0.00555 120 11422
0.00001 0.00001 0.00015 0.99980 0.00002 0 0
0.05845 0.01054 0.00962 0.90024 0.02115 10 85
0.46720 0.17081 0.03889 0.30991 0.01318 20 330
0.18570 0.41055 0.34151 0.04903 0.01321 30 731
0.03852 0.54665 0.38649 0.02024 0.00809 40 1292
0.02889 0.69664 0.14819 0.12146 0.00483 50 2005
0.04223 0.77931 0.05398 0.12181 0.00267 60 2878
0.03633 0.68350 0.09780 0.17547 0.00689 70 3909
0.03020 0.53722 0.08067 0.34800 0.00391 80 5096
0.14374 0.45178 0.08498 0.30638 0.01312 90 6447
0.25497 0.53982 0.06560 0.13343 0.00619 100 7948
0.21693 0.39392 0.05361 0.32721 0.00833 110 9601
0.09076 0.38799 0.09673 0.41754 0.00698 120 11422
0.00001 0.00016 0.00012 0.99964 0.00007 0 0
0.00236 0.00233 0.00062 0.99026 0.00442 10 85
0.00098 0.00107 0.00222 0.99477 0.00095 20 330
0.32679 0.37811 0.17836 0.10310 0.01364 30 731
0.04606 0.84350 0.05160 0.05607 0.00277 40 1292
0.09067 0.53753 0.32346 0.04422 0.00413 50 2005
0.05308 0.55465 0.35088 0.03152 0.00988 60 2878
0.17300 0.40008 0.34561 0.07715 0.00416 70 3909
0.11499 0.52656 0.26890 0.08225 0.00731 80 5096
0.02158 0.03595 0.29594 0.64523 0.00130 90 6447
0.06948 0.53246 0.32824 0.06789 0.00193 100 7948
0.15936 0.13941 0.50329 0.18659 0.01135 110 9601
0.07995 0.39474 0.38806 0.13086 0.00640 120 11422
0.27697 0.56057 0.00594 0.15529 0.00123 0 0
0.25282 0.07979 0.01420 0.64357 0.00962 10 85
0.29465 0.14789 0.45791 0.07968 0.01988 20 330
0.19560 0.09556 0.67610 0.02649 0.00625 30 731
0.16753 0.49182 0.29791 0.02779 0.01495 40 1292
0.11594 0.58148 0.20832 0.07603 0.01823 50 2005
0.03433 0.81117 0.06670 0.08525 0.00256 60 2878
0.04472 0.70793 0.04948 0.19390 0.00397 70 3909
0.07517 0.70245 0.07534 0.14272 0.00432 80 5096
0.18119 0.34772 0.04664 0.41310 0.01135 90 6447
0.30587 0.33457 0.03407 0.30832 0.01717 100 7948
0.20543 0.56213 0.01073 0.21786 0.00385 110 9601
0.19276 0.55390 0.05342 0.19637 0.00356 120 11212
0.00063 0.00132 0.00400 0.05392 0.94013 0 0
0.00812 0.01351 0.00220 0.96979 0.00639 10 85
0.69192 0.11032 0.02876 0.12304 0.04596 20 330
0.45752 0.12448 0.38428 0.02335 0.01038 30 731
0.00664 0.18279 0.79428 0.01495 0.00135 40 1292
0.08968 0.28940 0.41694 0.19470 0.00927 50 2005
0.00610 0.20887 0.51673 0.26793 0.00037 60 2878
0.01084 0.43155 0.26829 0.28809 0.00122 70 3909
0.00567 0.02703 0.19894 0.76818 0.00019 80 5096
0.01142 0.05649 0.12322 0.80694 0.00193 90 6447
0.08682 0.05047 0.36722 0.48866 0.00683 100 7948
0.08646 0.32277 0.12178 0.46685 0.00215 110 9601
0.04960 0.74668 0.02478 0.17738 0.00156 120 11422
0.00143 0.01218 0.00394 0.98191 0.00054 0 0
0.55501 0.21438 0.01328 0.14967 0.06767 10 85
0.32504 0.47125 0.04394 0.15507 0.00470 20 330
0.10596 0.77014 0.05840 0.06431 0.00119 30 731
0.14577 0.62827 0.03749 0.18478 0.00369 40 1292
0.28963 0.35529 0.00635 0.32654 0.02219 50 2005
0.65576 0.25398 0.01303 0.07254 0.00468 60 2878
0.71036 0.13634 0.04412 0.07190 0.03729 70 3909
0.71511 0.15410 0.02857 0.08113 0.02108 80 5096
0.80166 0.09441 0.02837 0.05519 0.02037 90 6447
0.73551 0.10045 0.04527 0.09971 0.01905 100 7630
0.69775 0.04662 0.04472 0.18956 0.02135 110 8705
0.60028 0.13523 0.08026 0.15651 0.02772 120 9738
0.00800 0.00614 0.00942 0.86298 0.11347 0 0
0.40550 0.07450 0.00720 0.50774 0.00506 10 85
0.52262 0.33706 0.10827 0.02803 0.00401 20 330
0.11576 0.51689 0.33211 0.02575 0.00950 30 731
0.52499 0.13731 0.25254 0.04912 0.03604 40 1292
0.36374 0.25715 0.13570 0.22069 0.02272 50 2005
0.16418 0.47001 0.03701 0.31028 0.01852 60 2878
0.24885 0.33536 0.01228 0.39819 0.00533 70 3909
0.44441 0.23836 0.02033 0.28632 0.01057 80 5096
0.21063 0.27002 0.02603 0.48004 0.01328 90 6447
0.34607 0.17448 0.02707 0.43706 0.01531 100 7948
0.24455 0.22013 0.01584 0.51230 0.00719 110 9601
0.33209 0.15241 0.01510 0.49115 0.00925 120 11253
0.10386 0.12214 0.01527 0.70428 0.05446 0 0
0.23768 0.10782 0.01578 0.62799 0.01073 10 85
0.60275 0.21446 0.09712 0.07461 0.01106 20 330
0.08584 0.06056 0.83939 0.00928 0.00494 30 731
0.05167 0.45828 0.24578 0.22767 0.01661 40 1292
0.07221 0.67625 0.18208 0.06129 0.00818 50 2005
0.23571 0.61869 0.03598 0.10332 0.00630 60 2878
0.09795 0.49718 0.01817 0.38276 0.00395 70 3909
0.18362 0.62705 0.04052 0.13972 0.00909 80 5096
0.08509 0.27138 0.05444 0.58108 0.00802 90 6447
0.18630 0.17750 0.06197 0.55681 0.01742 100 7630
0.12882 0.34058 0.05027 0.46549 0.01484 110 8705
0.11032 0.26847 0.05725 0.55348 0.01047 120 9738
0.04941 0.04311 0.02310 0.76679 0.11760 0 0
0.67564 0.08935 0.00520 0.14668 0.08313 10 85
0.62901 0.17480 0.00793 0.14066 0.04761 20 330
0.14264 0.51881 0.16854 0.14747 0.02254 30 731
0.07537 0.58421 0.05634 0.26589 0.01818 40 1292
0.10271 0.66237 0.09119 0.12920 0.01454 50 2005
0.16787 0.29268 0.03754 0.49446 0.00745 60 2878
0.11509 0.12095 0.03803 0.71279 0.01314 70 3909
0.46006 0.13800 0.06824 0.31351 0.02019 80 5096
0.27214 0.13703 0.05808 0.51285 0.01990 90 6447
0.41183 0.04161 0.12692 0.37672 0.04292 100 7948
0.54124 0.07683 0.02932 0.32466 0.02795 110 9601
0.40085 0.06718 0.03201 0.48658 0.01338 120 11422
0.00007 0.00004 0.00003 0.99978 0.00007 0 0
0.00007 0.00005 0.00002 0.99979 0.00007 10 85
0.14930 0.01429 0.01439 0.81631 0.00571 20 330
0.26108 0.27915 0.35837 0.09507 0.00634 30 731
0.12368 0.42535 0.37406 0.06662 0.01030 40 1292
0.01360 0.87971 0.07045 0.03088 0.00536 50 2005
0.02178 0.89741 0.05526 0.02404 0.00151 60 2878
0.10214 0.74654 0.04953 0.09814 0.00364 70 3909
0.06154 0.78612 0.01269 0.13634 0.00331 80 5096
0.13242 0.71055 0.01865 0.13697 0.00141 90 6447
0.06248 0.61531 0.02767 0.29272 0.00181 100 7948
0.06163 0.28743 0.04644 0.60000 0.00449 110 9601
0.17852 0.17891 0.06846 0.56581 0.00830 120 11422
0.00039 0.00849 0.01516 0.97350 0.00246 0 0
0.23510 0.11243 0.02180 0.58536 0.04531 10 85
0.30725 0.49165 0.11884 0.05366 0.02861 20 330
0.16953 0.47840 0.28017 0.06125 0.01064 30 731
0.10197 0.46743 0.18419 0.21531 0.03109 40 1292
0.03125 0.79929 0.02225 0.13418 0.01302 50 2005
0.02870 0.69976 0.02261 0.24459 0.00433 60 2878
0.03533 0.85150 0.00621 0.10372 0.00325 70 3909
0.14700 0.72573 0.00229 0.12273 0.00225 80 5096
0.03537 0.82502 0.00641 0.13080 0.00241 90 6447
0.05343 0.79768 0.00450 0.14197 0.00242 100 7948
0.06279 0.67629 0.01041 0.24682 0.00369 110 9601
0.10085 0.70895 0.00530 0.18210 0.00280 120 11422
0.00015 0.00061 0.00496 0.98969 0.00459 0 0
0.01025 0.02040 0.02790 0.93464 0.00681 10 85
0.43035 0.02191 0.02537 0.50186 0.02052 20 330
0.43398 0.36007 0.05234 0.12929 0.02433 30 731
0.08023 0.32897 0.10113 0.46550 0.02417 40 1292
0.01547 0.60862 0.04708 0.31589 0.01295 50 2005
0.02172 0.45251 0.07205 0.44786 0.00586 60 2878
0.01214 0.20001 0.03896 0.74140 0.00748 70 3909
0.04939 0.26099 0.07131 0.60915 0.00917 80 5096
0.03725 0.20807 0.10113 0.64489 0.00865 90 6447
0.07583 0.22095 0.10058 0.58941 0.01322 100 7948
0.06150 0.23404 0.07123 0.61699 0.01623 110 9601
0.05195 0.39202 0.08829 0.46142 0.00631 120 11422
0.00002 0.00034 0.00181 0.99535 0.00248 0 0
0.29548 0.13164 0.05014 0.46888 0.05385 10 85
0.65249 0.16676 0.02379 0.13516 0.02180 20 330
0.18230 0.64496 0.14269 0.01998 0.01007 30 731
0.06566 0.51874 0.37901 0.03083 0.00576 40 1292
0.18507 0.51979 0.15194 0.12213 0.02108 50 2005
0.12268 0.58483 0.05291 0.23387 0.00571 60 2878
0.08179 0.67095 0.00850 0.23673 0.00204 70 3909
0.03366 0.71828 0.02564 0.21755 0.00487 80 5096
0.10805 0.56947 0.02488 0.29041 0.00718 90 6447
0.31395 0.23675 0.03899 0.39896 0.01135 100 7948
0.25016 0.11652 0.04180 0.57411 0.01742 110 9601
0.12359 0.15954 0.04007 0.66491 0.01190 120 11422
0.00202 0.03886 0.00190 0.83500 0.12222 0 0
0.51132 0.11923 0.00264 0.30426 0.06254 10 85
0.03402 0.04398 0.00556 0.89723 0.01920 20 330
0.01715 0.15681 0.00661 0.80066 0.01877 30 731
0.00686 0.68230 0.00907 0.28089 0.02087 40 1292
0.00723 0.86925 0.00385 0.11592 0.00375 50 2005
0.01121 0.54970 0.00866 0.41744 0.01299 60 2878
0.00845 0.43828 0.00212 0.54276 0.00839 70 3909
0.05585 0.27198 0.00804 0.64457 0.01956 80 5096
0.02063 0.21006 0.00826 0.75158 0.00947 90 6447
0.05783 0.18226 0.00498 0.72983 0.02510 100 7948
0.03853 0.18455 0.00473 0.76082 0.01137 110 9601
0.02375 0.06302 0.00789 0.89569 0.00965 120 11422
0.00337 0.00877 0.01500 0.88681 0.08605 0 0
0.15657 0.10598 0.01168 0.71239 0.01338 10 85
0.57276 0.27858 0.08841 0.04614 0.01410 20 330
0.27970 0.16853 0.48246 0.04771 0.02160 30 731
0.19094 0.45663 0.19888 0.10832 0.04524 40 1292
0.04219 0.43597 0.46167 0.05350 0.00668 50 2005
0.17472 0.55012 0.12971 0.13641 0.00903 60 2878
0.04641 0.85564 0.03902 0.05776 0.00117 70 3909
0.01044 0.89090 0.00808 0.08943 0.00116 80 5096
0.07242 0.68309 0.02550 0.21701 0.00197 90 6447
0.11073 0.64057 0.02075 0.22498 0.00297 100 7948
0.08267 0.74470 0.02766 0.14390 0.00107 110 9601
0.14773 0.59636 0.01655 0.23766 0.00170 120 11422
0.06328 0.00397 0.01425 0.39608 0.52241 0 0
0.75673 0.10863 0.00402 0.09693 0.03368 10 85
0.14136 0.08784 0.01166 0.74762 0.01152 20 330
0.10827 0.61978 0.15265 0.10913 0.01017 30 731
0.07278 0.69404 0.13186 0.08019 0.02114 40 1292
0.02737 0.89705 0.01346 0.05838 0.00374 50 2005
0.03738 0.69663 0.07717 0.18580 0.00302 60 2878
0.02250 0.83980 0.03547 0.09944 0.00278 70 3909
0.06307 0.55916 0.13346 0.23949 0.00481 80 5096
0.04226 0.43556 0.17129 0.34605 0.00484 90 6447
0.23084 0.07003 0.42944 0.26158 0.00811 100 7948
0.09470 0.13324 0.28595 0.48330 0.00281 110 9601
0.14676 0.09575 0.10377 0.64645 0.00728 120 11422
0.00030 0.00250 0.00164 0.99346 0.00210 0 0
0.41789 0.15839 0.01708 0.28166 0.12497 10 85
0.61815 0.10578 0.01060 0.21423 0.05124 20 330
0.22590 0.61185 0.13368 0.01721 0.01136 30 731
0.08943 0.38643 0.42535 0.06172 0.03707 40 1292
0.02658 0.27001 0.03801 0.65954 0.00587 50 2005
0.10102 0.56168 0.05669 0.27357 0.00704 60 2878
0.04157 0.78448 0.04641 0.12349 0.00406 70 3909
0.15001 0.31443 0.08874 0.43580 0.01102 80 5096
0.12398 0.41432 0.09372 0.35731 0.01067 90 6447
0.14269 0.24302 0.18254 0.42319 0.00856 100 7948
0.08131 0.03215 0.03727 0.83925 0.01001 110 9601
0.12081 0.10655 0.36094 0.40348 0.00821 120 11422
0.13186 0.00373 0.06102 0.02983 0.77355 0 0
0.23410 0.03905 0.00601 0.71563 0.00521 10 85
0.53785 0.37847 0.05379 0.01855 0.01134 20 330
0.43278 0.08549 0.43432 0.03502 0.01238 30 731
0.31477 0.11110 0.52847 0.02666 0.01900 40 1292
0.39035 0.02483 0.32619 0.22753 0.03110 50 2005
0.12697 0.02939 0.78211 0.05009 0.01145 60 2878
0.12206 0.00551 0.40675 0.41624 0.04945 70 3909
0.10593 0.00182 0.42723 0.42137 0.04364 80 5096
0.11279 0.00309 0.54248 0.28185 0.05978 90 6447
0.11755 0.00140 0.51238 0.31397 0.05469 100 7948
0.16566 0.00082 0.33908 0.43271 0.06172 110 9601
0.10492 0.00777 0.66799 0.19883 0.02049 120 11422
0.00286 0.00075 0.00113 0.99281 0.00245 0 0
0.71605 0.03639 0.01665 0.17132 0.05958 10 85
0.63651 0.22425 0.09795 0.02696 0.01433 20 330
0.35841 0.24719 0.34274 0.02569 0.02598 30 731
0.08762 0.76876 0.03373 0.10691 0.00298 40 1292
0.07617 0.44905 0.00536 0.46491 0.00451 50 2005
0.10819 0.33675 0.00542 0.54653 0.00311 60 2878
0.18636 0.27190 0.02550 0.50661 0.00963 70 3909
0.06111 0.64934 0.00409 0.28156 0.00390 80 5096
0.39324 0.17552 0.00811 0.41535 0.00778 90 6447
0.10310 0.42506 0.00585 0.45425 0.01173 100 7948
0.25155 0.38837 0.00999 0.34321 0.00688 110 9601
0.16660 0.57125 0.00317 0.25679 0.00219 120 11422
0.00740 0.05832 0.07880 0.64732 0.20817 0 0
0.14384 0.12757 0.01471 0.64509 0.06879 10 85
0.68412 0.05885 0.03957 0.18519 0.03227 20 330
0.32114 0.47010 0.12396 0.06590 0.01889 30 731
0.05882 0.75198 0.12922 0.04369 0.01629 40 1292
0.06730 0.65296 0.15742 0.11355 0.00877 50 2005
0.06515 0.74830 0.12225 0.06257 0.00174 60 2878
0.06914 0.77759 0.05405 0.09633 0.00289 70 3909
0.06535 0.66849 0.06714 0.19296 0.00607 80 5096
0.07785 0.65798 0.04018 0.21887 0.00512 90 6447
0.09782 0.59978 0.03457 0.26330 0.00453 100 7948
0.17101 0.32955 0.06738 0.42794 0.00412 110 9601
0.06412 0.36987 0.06840 0.49064 0.00697 120 11422
0.00010 0.00018 0.00042 0.99919 0.00012 0 0
0.00093 0.00033 0.00065 0.99744 0.00065 10 85
0.22682 0.14452 0.02409 0.59777 0.00680 20 330
0.37417 0.40372 0.08217 0.12610 0.01384 30 731
0.17299 0.53412 0.09605 0.17885 0.01799 40 1292
0.13840 0.55657 0.12251 0.17634 0.00618 50 2005
0.28204 0.27919 0.09077 0.32752 0.02048 60 2878
0.39345 0.40916 0.03869 0.14589 0.01281 70 3909
0.18475 0.32106 0.05163 0.43043 0.01213 80 5096
0.23961 0.17890 0.09867 0.46084 0.02198 90 6447
0.28039 0.13766 0.05643 0.51592 0.00961 100 7630
0.09623 0.50422 0.11498 0.27569 0.00888 110 8705
0.29628 0.12883 0.03333 0.53161 0.00995 120 9738
0.00015 0.00722 0.02768 0.95326 0.01169 0 0
0.04297 0.00327 0.00662 0.94657 0.00057 10 85
0.57105 0.11769 0.26239 0.04488 0.00399 20 330
0.07915 0.05803 0.84159 0.01930 0.00192 30 731
0.08555 0.15617 0.74097 0.01458 0.00273 40 1292
0.05122 0.11477 0.81465 0.01851 0.00085 50 2005
0.02010 0.03012 0.90497 0.04402 0.00079 60 2878
0.04735 0.17462 0.54643 0.22948 0.00213 70 3909
0.05467 0.04287 0.53533 0.36611 0.00102 80 5096
0.23789 0.20222 0.44468 0.11194 0.00326 90 6447
0.65144 0.08423 0.11321 0.14390 0.00721 100 7948
0.34567 0.38405 0.21380 0.05416 0.00233 110 9601
0.57305 0.12584 0.13356 0.15968 0.00788 120 11384
0.00044 0.00057 0.00040 0.99758 0.00101 0 0
0.02190 0.02119 0.00294 0.94284 0.01114 10 85
0.00531 0.02265 0.00138 0.96961 0.00105 20 330
0.29332 0.52900 0.11796 0.04819 0.01154 30 731
0.05984 0.43433 0.37972 0.12069 0.00543 40 1292
0.26629 0.31424 0.37085 0.03970 0.00893 50 2005
0.02920 0.24126 0.53995 0.18749 0.00210 60 2878
0.04541 0.37545 0.53876 0.03408 0.00629 70 3909
0.00615 0.33832 0.58491 0.07026 0.00036 80 5096
0.03542 0.07869 0.73390 0.14847 0.00351 90 6447
0.03432 0.07907 0.57460 0.31034 0.00167 100 7948
0.00029 0.00248 0.15900 0.83820 0.00003 110 9601
0.00138 0.00300 0.04426 0.95115 0.00021 120 11422
0.00000 0.00006 0.00010 0.99982 0.00001 0 0
0.39628 0.08924 0.01031 0.32286 0.18130 10 85
0.75865 0.04803 0.01817 0.12147 0.05368 20 330
0.06066 0.61704 0.28136 0.03052 0.01042 30 731
0.19971 0.16298 0.57073 0.05123 0.01535 40 1292
0.07940 0.54786 0.16256 0.18442 0.02576 50 2005
0.12886 0.57008 0.06148 0.22615 0.01343 60 2878
0.11826 0.58436 0.04593 0.24709 0.00437 70 3909
0.05290 0.79746 0.02376 0.12165 0.00423 80 5096
0.10239 0.51926 0.01721 0.35464 0.00650 90 6447
0.15155 0.57766 0.02707 0.23696 0.00676 100 7948
0.12973 0.55360 0.03860 0.26996 0.00811 110 9601
0.10470 0.54927 0.03333 0.30528 0.00742 120 11422
0.81958 0.00243 0.00219 0.16081 0.01498 0 0
0.07590 0.00831 0.00035 0.90606 0.00939 10 85
0.40215 0.20194 0.01030 0.36434 0.02127 20 330
0.06312 0.83266 0.07705 0.02369 0.00348 30 731
0.16307 0.31476 0.08594 0.41052 0.02570 40 1292
0.18802 0.62860 0.05556 0.11515 0.01268 50 2005
0.19631 0.26283 0.05962 0.45815 0.02309 60 2878
0.10475 0.14893 0.05194 0.67753 0.01685 70 3909
0.24561 0.16882 0.04804 0.49045 0.04708 80 5096
0.24264 0.11311 0.14127 0.48477 0.01820 90 6447
0.07119 0.17228 0.08109 0.66184 0.01360 100 7630
0.18815 0.27430 0.05019 0.47134 0.01603 110 8705
0.39151 0.10335 0.02001 0.46122 0.02391 120 9738
0.00000 0.00004 0.00001 0.99994 0.00001 0 0
0.00017 0.00081 0.00176 0.99707 0.00018 10 85
0.02226 0.01130 0.01248 0.95302 0.00094 20 330
0.02082 0.77089 0.07528 0.13190 0.00110 30 731
0.02303 0.89220 0.04560 0.03814 0.00103 40 1292
0.09810 0.44149 0.40706 0.04907 0.00428 50 2005
0.04432 0.45504 0.42117 0.07668 0.00279 60 2878
0.27681 0.14385 0.54753 0.02960 0.00223 70 3909
0.08660 0.71120 0.07767 0.12267 0.00185 80 5096
0.03458 0.42416 0.49351 0.04542 0.00233 90 6447
0.25935 0.44002 0.08661 0.20409 0.00992 100 7948
0.10483 0.61914 0.03746 0.23503 0.00354 110 9601
0.36529 0.28327 0.03181 0.31151 0.00811 120 11422
0.00067 0.00185 0.00143 0.99302 0.00303 0 0
0.00732 0.00559 0.00329 0.97927 0.00454 10 85
0.15537 0.04077 0.01585 0.78140 0.00662 20 330
0.05941 0.55021 0.36139 0.02547 0.00352 30 731
0.01262 0.82998 0.11000 0.04079 0.00661 40 1292
0.01809 0.53085 0.40528 0.04369 0.00210 50 2005
0.16877 0.39687 0.17511 0.24338 0.01588 60 2878
0.08121 0.47456 0.20990 0.22970 0.00463 70 3909
0.30221 0.31564 0.29168 0.08186 0.00861 80 5096
0.19983 0.41684 0.14723 0.22664 0.00946 90 6447
0.06718 0.44716 0.11072 0.36683 0.00811 100 7948
0.14484 0.34554 0.14000 0.35650 0.01311 110 9601
0.29167 0.13312 0.11310 0.44988 0.01223 120 11422
0.04418 0.76324 0.00675 0.10532 0.08051 0 0
0.16214 0.24936 0.01399 0.47665 0.09786 10 85
0.80285 0.14077 0.00833 0.03183 0.01621 20 330
0.27266 0.34738 0.30152 0.05003 0.02841 30 731
0.03131 0.77834 0.08849 0.08550 0.01636 40 1292
0.12042 0.41899 0.25063 0.19510 0.01486 50 2005
0.03788 0.60863 0.05658 0.28728 0.00963 60 2878
0.01889 0.70439 0.06208 0.21023 0.00441 70 3909
0.01363 0.83093 0.04007 0.11336 0.00202 80 5096
0.07766 0.51584 0.10755 0.29259 0.00636 90 6447
0.01574 0.78728 0.04003 0.15284 0.00411 100 7948
0.02888 0.78391 0.07156 0.11040 0.00525 110 9601
0.06727 0.60425 0.07290 0.24868 0.00690 120 11422
0.00007 0.00007 0.00024 0.99938 0.00024 0 0
0.57632 0.18682 0.04944 0.08840 0.09902 10 85
0.72031 0.14779 0.01926 0.08556 0.02708 20 330
0.12527 0.17955 0.63895 0.04880 0.00742 30 731
0.06308 0.53693 0.19725 0.17727 0.02546 40 1292
0.02424 0.79717 0.04775 0.12581 0.00502 50 2005
0.03468 0.68929 0.04083 0.23128 0.00391 60 2878
0.04027 0.71507 0.07685 0.16547 0.00234 70 3909
0.13618 0.63738 0.08283 0.13872 0.00490 80 5096
0.05248 0.68254 0.09215 0.16922 0.00362 90 6447
0.19129 0.23608 0.14133 0.42599 0.00530 100 7948
0.11569 0.40820 0.22939 0.23848 0.00826 110 9601
0.08261 0.31302 0.22390 0.37608 0.00440 120 11422
0.00009 0.00043 0.00132 0.97526 0.02290 0 0
0.51011 0.04732 0.01991 0.37801 0.04465 10 85
0.78749 0.02873 0.09331 0.06881 0.02167 20 330
0.62410 0.05796 0.29998 0.01240 0.00556 30 731
0.06319 0.10743 0.77859 0.03734 0.01346 40 1292
0.05156 0.14030 0.75385 0.04845 0.00584 50 2005
0.08991 0.23234 0.39352 0.27781 0.00642 60 2878
0.05709 0.46456 0.12061 0.35470 0.00304 70 3909
0.03812 0.61339 0.03633 0.30663 0.00552 80 5096
0.02171 0.77978 0.04285 0.15427 0.00139 90 6447
0.18197 0.40760 0.12588 0.27519 0.00936 100 7948
0.04766 0.60110 0.04334 0.30598 0.00193 110 9601
0.17248 0.33064 0.04342 0.45022 0.00323 120 11422
0.00005 0.00032 0.00076 0.99880 0.00007 0 0
0.06573 0.00629 0.03230 0.84991 0.04577 10 85
0.41218 0.03158 0.00938 0.52002 0.02685 20 330
0.54673 0.10724 0.28460 0.03160 0.02982 30 731
0.05857 0.51150 0.32594 0.08272 0.02127 40 1292
0.04717 0.59316 0.04630 0.30366 0.00971 50 2005
0.01166 0.93439 0.02642 0.02490 0.00263 60 2878
0.08702 0.49754 0.02204 0.38153 0.01187 70 3909
0.08214 0.44538 0.04751 0.41602 0.00894 80 5096
0.26927 0.27720 0.03721 0.38726 0.02906 90 6447
0.15228 0.36583 0.02532 0.44685 0.00972 100 7948
0.11150 0.37474 0.01196 0.49421 0.00760 110 9601
0.26211 0.30720 0.01054 0.40971 0.01045 120 11422
0.00019 0.00023 0.00010 0.99510 0.00439 0 0
0.54445 0.08265 0.11083 0.22560 0.03647 10 85
0.23552 0.29597 0.25948 0.18441 0.02462 20 330
0.09226 0.63831 0.08677 0.13177 0.05089 30 731
0.02069 0.74962 0.01000 0.21391 0.00579 40 1292
0.06211 0.81135 0.02275 0.09373 0.01006 50 2005
0.03686 0.29762 0.02207 0.63284 0.01062 60 2878
0.10437 0.40835 0.05372 0.41747 0.01609 70 3909
0.06696 0.72820 0.00717 0.18897 0.00870 80 5096
0.15760 0.61854 0.05524 0.15226 0.01636 90 6447
0.16371 0.63836 0.06940 0.11375 0.01477 100 7948
0.21065 0.43194 0.05390 0.27993 0.02358 110 9601
0.12496 0.58656 0.06851 0.21161 0.00836 120 11422
0.07557 0.67787 0.00437 0.13049 0.11171 0 0
0.45733 0.20635 0.00564 0.24528 0.08541 10 85
0.75188 0.09452 0.01801 0.10504 0.03055 20 330
0.51807 0.22462 0.17681 0.06710 0.01340 30 731
0.16691 0.46251 0.29680 0.03832 0.03546 40 1292
0.04026 0.58569 0.19092 0.17236 0.01078 50 2005
0.03699 0.45007 0.10107 0.40426 0.00762 60 2878
0.01234 0.78983 0.04406 0.15095 0.00281 70 3909
0.01658 0.64420 0.05030 0.28475 0.00418 80 5096
0.02695 0.74348 0.07616 0.14778 0.00563 90 6447
0.01038 0.80606 0.06367 0.11810 0.00179 100 7948
0.01356 0.71569 0.12095 0.14680 0.00300 110 9601
0.02347 0.71625 0.04713 0.21038 0.00277 120 11422
0.00019 0.00035 0.02679 0.96068 0.01199 0 0
0.00039 0.00283 0.00333 0.99280 0.00065 10 85
0.23001 0.10996 0.13638 0.51898 0.00466 20 330
0.21557 0.21561 0.45344 0.10819 0.00720 30 731
0.04301 0.25313 0.62183 0.08073 0.00130 40 1292
0.00475 0.03110 0.90554 0.05828 0.00032 50 2005
0.00840 0.06033 0.63462 0.29595 0.00070 60 2878
0.04198 0.02114 0.89965 0.03597 0.00126 70 3909
0.26679 0.04849 0.08081 0.60024 0.00366 80 5096
0.41978 0.12280 0.12301 0.33027 0.00415 90 6447
0.36685 0.23151 0.21998 0.17653 0.00513 100 7948
0.41325 0.39363 0.07245 0.11150 0.00917 110 9601
0.24963 0.13649 0.21261 0.38078 0.02049 120 11357
0.00012 0.00057 0.00210 0.98846 0.00876 0 0
0.00149 0.00274 0.00428 0.98996 0.00153 10 85
0.28822 0.10753 0.31108 0.28873 0.00444 20 330
0.26458 0.33716 0.31634 0.06025 0.02167 30 731
0.09242 0.13990 0.71436 0.03790 0.01541 40 1292
0.07404 0.12255 0.73175 0.06268 0.00898 50 2005
0.04975 0.68863 0.18947 0.06759 0.00456 60 2878
0.22197 0.65470 0.03891 0.08106 0.00336 70 3909
0.36761 0.41971 0.02806 0.18009 0.00453 80 5096
0.32741 0.43757 0.02291 0.20754 0.00457 90 6447
0.28746 0.32432 0.01209 0.37042 0.00570 100 7948
0.36830 0.43057 0.01514 0.17908 0.00691 110 9601
0.28137 0.39396 0.01659 0.30347 0.00461 120 11122
0.00014 0.00219 0.00055 0.99379 0.00333 0 0
0.37652 0.03882 0.01579 0.43133 0.13754 10 85
0.74129 0.09559 0.01136 0.11710 0.03467 20 330
0.17071 0.10593 0.64334 0.06706 0.01297 30 731
0.07793 0.50721 0.06640 0.32853 0.01993 40 1292
0.04996 0.50365 0.01465 0.42665 0.00509 50 2005
0.05885 0.37003 0.01873 0.54125 0.01113 60 2878
0.10478 0.41477 0.00670 0.46916 0.00460 70 3909
0.13692 0.57168 0.00745 0.27530 0.00864 80 5096
0.29080 0.22833 0.00497 0.46931 0.00658 90 6447
0.24563 0.36890 0.00916 0.36456 0.01175 100 7948
0.23063 0.23969 0.00607 0.51978 0.00384 110 9601
0.30409 0.18258 0.00822 0.49825 0.00685 120 11422
0.00001 0.00004 0.00017 0.99976 0.00002 0 0
0.21245 0.01147 0.00672 0.61033 0.15902 10 85
0.46657 0.23375 0.14119 0.12497 0.03353 20 330
0.07643 0.69023 0.19509 0.03597 0.00228 30 731
0.18059 0.09874 0.56949 0.13003 0.02116 40 1292
0.07662 0.60571 0.10569 0.20384 0.00814 50 2005
0.18359 0.65110 0.04488 0.10592 0.01451 60 2878
0.29946 0.37713 0.13930 0.17470 0.00942 70 3909
0.22631 0.53828 0.16182 0.06337 0.01023 80 5096
0.35282 0.39931 0.06081 0.17818 0.00888 90 6447
0.05202 0.73997 0.12655 0.07967 0.00180 100 7948
0.06109 0.66059 0.15463 0.12125 0.00244 110 9601
0.12559 0.56404 0.02932 0.27662 0.00443 120 11422
0.03082 0.00621 0.00504 0.89073 0.06721 0 0
0.25162 0.00643 0.00078 0.66303 0.07814 10 85
0.23584 0.08451 0.01236 0.60950 0.05779 20 330
0.09210 0.56312 0.02226 0.29872 0.02380 30 731
0.15235 0.25585 0.05087 0.52377 0.01716 40 1292
0.40707 0.21613 0.02439 0.32552 0.02689 50 2005
0.15619 0.56907 0.01992 0.24671 0.00812 60 2878
0.20892 0.65318 0.00506 0.12477 0.00807 70 3909
0.32609 0.47422 0.02611 0.16174 0.01184 80 5096
0.30954 0.33016 0.05132 0.29995 0.00902 90 6447
0.53830 0.20723 0.08128 0.15721 0.01598 100 7756
0.40592 0.22804 0.10484 0.24517 0.01603 110 8892
0.43627 0.18848 0.07617 0.28045 0.01863 120 9975
0.03476 0.02742 0.01505 0.91600 0.00677 0 0
0.07176 0.00539 0.00061 0.91344 0.00879 10 85
0.47445 0.34941 0.10878 0.06249 0.00487 20 330
0.30139 0.49623 0.02338 0.17422 0.00479 30 731
0.10750 0.23327 0.00564 0.64197 0.01161 40 1292
0.13441 0.14369 0.01289 0.69336 0.01564 50 2005
0.25500 0.11980 0.03178 0.57196 0.02147 60 2878
0.15914 0.46655 0.00760 0.36030 0.00641 70 3909
0.21441 0.12640 0.01986 0.62603 0.01329 80 5096
0.37217 0.05078 0.03505 0.51091 0.03109 90 6447
0.39917 0.10737 0.05704 0.41620 0.02022 100 7948
0.76104 0.04041 0.05613 0.11942 0.02300 110 9601
0.30142 0.02490 0.03185 0.62963 0.01220 120 11422
0.23051 0.06866 0.12749 0.56621 0.00713 0 0
0.45513 0.26643 0.00594 0.20705 0.06545 10 85
0.50926 0.35747 0.02523 0.04529 0.06275 20 330
0.12495 0.47209 0.34839 0.03601 0.01856 30 731
0.06992 0.69609 0.10742 0.11494 0.01162 40 1292
0.03489 0.74602 0.05912 0.15443 0.00554 50 2005
0.03052 0.68146 0.05911 0.22441 0.00450 60 2878
0.12941 0.51114 0.04987 0.30093 0.00865 70 3909
0.06571 0.26044 0.02769 0.63390 0.01226 80 5096
0.19120 0.21398 0.05468 0.52233 0.01781 90 6447
0.20605 0.23747 0.04243 0.49356 0.02049 100 7630
0.16572 0.29520 0.05616 0.47178 0.01114 110 8705
0.08664 0.23195 0.01812 0.65375 0.00953 120 9738
0.00022 0.00108 0.01463 0.98273 0.00134 0 0
0.00116 0.00653 0.00493 0.98231 0.00506 10 85
0.24791 0.06496 0.02108 0.64324 0.02282 20 330
0.13666 0.29989 0.49935 0.05410 0.01000 30 731
0.03467 0.69955 0.23349 0.02760 0.00470 40 1292
0.02002 0.13897 0.77934 0.05899 0.00267 50 2005
0.02770 0.17074 0.65675 0.14279 0.00201 60 2878
0.02097 0.41730 0.44246 0.11693 0.00234 70 3909
0.10888 0.22807 0.36093 0.29492 0.00721 80 5096
0.09387 0.13397 0.49435 0.26208 0.01572 90 6447
0.15417 0.17101 0.13897 0.52469 0.01115 100 7948
0.32168 0.17737 0.16649 0.31798 0.01648 110 9601
0.18826 0.03819 0.21030 0.54009 0.02316 120 11422
0.06273 0.28844 0.13385 0.14778 0.36720 0 0
0.30508 0.24053 0.02507 0.31276 0.11656 10 85
0.57596 0.17086 0.01996 0.21469 0.01853 20 330
0.14263 0.64414 0.03675 0.15714 0.01934 30 731
0.16818 0.56179 0.17837 0.07744 0.01422 40 1292
0.21455 0.53279 0.02538 0.20944 0.01784 50 2005
0.23753 0.51310 0.02105 0.21774 0.01058 60 2878
0.16287 0.63120 0.00508 0.19956 0.00130 70 3909
0.17257 0.65025 0.00519 0.16878 0.00322 80 5096
0.30257 0.44495 0.01125 0.23674 0.00448 90 6447
0.43442 0.23221 0.00933 0.32023 0.00382 100 7948
0.31311 0.49709 0.01831 0.16734 0.00416 110 9601
0.37023 0.37544 0.08413 0.15275 0.01745 120 11422
0.06846 0.92602 0.00059 0.00332 0.00161 0 0
0.09937 0.04139 0.00200 0.84274 0.01450 10 85
0.88928 0.01821 0.01455 0.07217 0.00579 20 330
0.39227 0.31297 0.25680 0.02833 0.00964 30 731
0.05714 0.59313 0.30641 0.02513 0.01818 40 1292
0.08177 0.45873 0.19910 0.24703 0.01337 50 2005
0.02635 0.69742 0.12605 0.14010 0.01007 60 2878
0.06746 0.52055 0.06215 0.34018 0.00966 70 3909
0.05640 0.53644 0.08578 0.31195 0.00943 80 5096
0.02429 0.74207 0.05180 0.17717 0.00468 90 6447
0.20481 0.35173 0.07625 0.35205 0.01516 100 7948
0.05350 0.59589 0.04727 0.29755 0.00580 110 9601
0.07557 0.60753 0.04774 0.25934 0.00982 120 11422
0.00038 0.00025 0.00011 0.99580 0.00346 0 0
0.46062 0.27946 0.00364 0.18837 0.06791 10 85
0.51575 0.31037 0.11226 0.03512 0.02651 20 330
0.29100 0.22895 0.45539 0.01855 0.00611 30 731
0.04357 0.59295 0.08732 0.26725 0.00892 40 1292
0.13765 0.65966 0.01270 0.18443 0.00556 50 2005
0.03667 0.37542 0.01607 0.55550 0.01634 60 2878
0.12115 0.53671 0.04857 0.27654 0.01703 70 3909
0.05399 0.64878 0.00957 0.28262 0.00505 80 5096
0.15182 0.43011 0.03366 0.37431 0.01010 90 6447
0.13113 0.38782 0.04504 0.42051 0.01550 100 7948
0.18596 0.41879 0.03823 0.34245 0.01457 110 9601
0.27908 0.44388 0.10288 0.16215 0.01200 120 11422
0.00000 0.00001 0.00001 0.99996 0.00001 0 0
0.04555 0.00713 0.01340 0.89496 0.03896 10 85
0.03783 0.00702 0.00638 0.93308 0.01569 20 330
0.22467 0.18092 0.45972 0.13221 0.00247 30 731
0.06626 0.31628 0.51227 0.09887 0.00633 40 1292
0.07762 0.33068 0.27248 0.31695 0.00227 50 2005
0.02809 0.06392 0.40158 0.50579 0.00063 60 2878
0.01794 0.04456 0.53351 0.40266 0.00133 70 3909
0.06202 0.07089 0.34161 0.52375 0.00172 80 5096
0.09890 0.13948 0.11201 0.64877 0.00083 90 6447
0.00757 0.07416 0.05998 0.85807 0.00022 100 7948
0.11152 0.22835 0.09469 0.56358 0.00185 110 9601
0.03509 0.01611 0.13360 0.81358 0.00162 120 11422
0.00044 0.00106 0.00118 0.98351 0.01381 0 0
0.00059 0.00119 0.00064 0.99678 0.00080 10 85
0.55012 0.08350 0.08525 0.25570 0.02544 20 330
0.24469 0.28172 0.41548 0.03770 0.02040 30 731
0.09361 0.53650 0.22288 0.13099 0.01602 40 1292
0.03843 0.27368 0.61642 0.06503 0.00644 50 2005
0.03253 0.52942 0.02552 0.41056 0.00197 60 2878
0.04209 0.72521 0.04956 0.17965 0.00350 70 3909
0.00998 0.05833 0.00440 0.92499 0.00230 80 5096
0.05572 0.12854 0.04258 0.76532 0.00785 90 6447
0.06309 0.04680 0.04424 0.83891 0.00697 100 7948
0.05522 0.16438 0.04683 0.73035 0.00322 110 9601
0.07254 0.41287 0.01871 0.49355 0.00232 120 11422
0.00012 0.00008 0.00099 0.99635 0.00245 0 0
0.41816 0.15716 0.02169 0.18775 0.21525 10 85
0.27564 0.61003 0.03185 0.05965 0.02283 20 330
0.13599 0.62591 0.21225 0.01474 0.01111 30 731
0.10735 0.28116 0.58476 0.02006 0.00667 40 1292
0.04148 0.21218 0.68013 0.06175 0.00446 50 2005
0.20552 0.31478 0.35718 0.11730 0.00523 60 2878
0.17755 0.48957 0.15889 0.16816 0.00583 70 3909
0.21152 0.68017 0.03931 0.06615 0.00286 80 5096
0.60746 0.20052 0.01998 0.16460 0.00744 90 6447
0.37783 0.26678 0.03124 0.31361 0.01054 100 7948
0.27397 0.28184 0.08051 0.35610 0.00758 110 9601
0.43325 0.22817 0.03978 0.28475 0.01404 120 11422
0.00103 0.02285 0.01095 0.95088 0.01429 0 0
0.38275 0.20094 0.02283 0.31917 0.07431 10 85
0.77422 0.08828 0.07198 0.04654 0.01899 20 330
0.24761 0.26253 0.43863 0.03723 0.01401 30 731
0.06973 0.26058 0.60335 0.03764 0.02870 40 1292
0.08067 0.44216 0.43310 0.03255 0.01153 50 2005
0.01671 0.91720 0.03090 0.03228 0.00291 60 2878
0.08476 0.59842 0.06740 0.24156 0.00785 70 3909
0.04875 0.64861 0.10626 0.19184 0.00455 80 5096
0.30520 0.27829 0.06585 0.32927 0.02139 90 6447
0.10120 0.60728 0.01835 0.26819 0.00498 100 7948
0.32339 0.38825 0.03056 0.24267 0.01512 110 9601
0.29384 0.31101 0.04075 0.33661 0.01779 120 11422
0.00013 0.00013 0.00064 0.99880 0.00030 0 0
0.60555 0.03190 0.01733 0.27351 0.07171 10 85
0.70719 0.17031 0.03112 0.06328 0.02809 20 330
0.22306 0.26218 0.44215 0.02446 0.04814 30 731
0.06192 0.68790 0.19004 0.05252 0.00761 40 1292
0.04103 0.48831 0.03084 0.42530 0.01453 50 2005
0.03369 0.82670 0.02869 0.10597 0.00495 60 2878
0.00685 0.94480 0.00870 0.03858 0.00107 70 3909
0.00552 0.93334 0.02460 0.03432 0.00222 80 5096
0.02442 0.49087 0.07658 0.40176 0.00638 90 6447
0.07308 0.72706 0.07335 0.11867 0.00784 100 7948
0.09209 0.71422 0.03337 0.15661 0.00370 110 9601
0.07756 0.51887 0.05372 0.34460 0.00526 120 11422
0.00001 0.00008 0.00003 0.99986 0.00002 0 0
0.00031 0.00141 0.00122 0.99689 0.00017 10 85
0.02264 0.08022 0.05626 0.84006 0.00081 20 330
0.03494 0.77974 0.15716 0.02545 0.00272 30 731
0.01703 0.92646 0.04301 0.01213 0.00137 40 1292
0.05243 0.77996 0.13045 0.03364 0.00352 50 2005
0.23966 0.21913 0.49490 0.03587 0.01044 60 2878
0.24921 0.09231 0.62552 0.02373 0.00923 70 3909
0.25368 0.45101 0.15155 0.13189 0.01187 80 5096
0.28702 0.07865 0.26914 0.34873 0.01647 90 6447
0.21288 0.18589 0.27689 0.31330 0.01104 100 7948
0.28568 0.36869 0.12268 0.20694 0.01600 110 9601
0.29386 0.17418 0.20502 0.30299 0.02394 120 11168
0.00220 0.00446 0.02369 0.55762 0.41202 0 0
0.56251 0.10802 0.00221 0.29493 0.03232 10 85
0.54390 0.06985 0.02154 0.32027 0.04444 20 330
0.13114 0.66808 0.10664 0.07292 0.02122 30 731
0.05688 0.74391 0.05682 0.11712 0.02527 40 1292
0.01896 0.82871 0.02487 0.11698 0.01048 50 2005
0.00662 0.86122 0.01494 0.11488 0.00233 60 2878
0.00701 0.88268 0.02070 0.08538 0.00423 70 3909
0.02586 0.79900 0.02651 0.14311 0.00552 80 5096
0.07017 0.65111 0.05717 0.21455 0.00700 90 6447
0.07101 0.54149 0.06182 0.31489 0.01079 100 7948
0.07131 0.56431 0.09850 0.25843 0.00744 110 9601
0.03655 0.51754 0.05544 0.38505 0.00542 120 11422
0.00033 0.00019 0.00017 0.99867 0.00063 0 0
0.39357 0.03727 0.00595 0.53629 0.02692 10 85
0.61881 0.14524 0.01553 0.19169 0.02874 20 330
0.17388 0.67410 0.11369 0.02864 0.00969 30 731
0.07155 0.65676 0.17435 0.07924 0.01809 40 1292
0.03846 0.76149 0.04757 0.14278 0.00970 50 2005
0.01690 0.80436 0.05574 0.11781 0.00519 60 2878
0.06619 0.78114 0.06575 0.08414 0.00277 70 3909
0.02530 0.66552 0.10276 0.20364 0.00278 80 5096
0.01854 0.84357 0.05454 0.07977 0.00359 90 6447
0.08662 0.52729 0.05505 0.32649 0.00456 100 7948
0.04686 0.58014 0.08969 0.27866 0.00465 110 9601
0.15653 0.41429 0.07678 0.34802 0.00437 120 11422
0.00221 0.00676 0.02204 0.63978 0.32920 0 0
0.27205 0.03483 0.00603 0.65425 0.03283 10 85
0.74083 0.16739 0.03734 0.03822 0.01622 20 330
0.20203 0.55864 0.18507 0.03668 0.01758 30 731
0.17539 0.55876 0.16455 0.05316 0.04814 40 1292
0.07537 0.68721 0.07810 0.14544 0.01388 50 2005
0.02300 0.42442 0.08685 0.46197 0.00377 60 2878
0.06528 0.30344 0.02078 0.59239 0.01811 70 3909
0.03937 0.29168 0.04248 0.61614 0.01033 80 5096
0.02159 0.02188 0.01303 0.93548 0.00801 90 6447
0.04788 0.01380 0.02415 0.90127 0.01290 100 7948
0.07480 0.07493 0.01289 0.82129 0.01610 110 9601
0.17952 0.06805 0.07109 0.66934 0.01199 120 11422
0.01811 0.00200 0.01457 0.95765 0.00767 0 0
0.48428 0.07243 0.00706 0.25209 0.18414 10 85
0.55827 0.29982 0.01772 0.11276 0.01143 20 330
0.25135 0.42285 0.23377 0.06963 0.02240 30 731
0.10013 0.44783 0.12973 0.27566 0.04665 40 1292
0.15927 0.61671 0.09269 0.11234 0.01899 50 2005
0.18071 0.27419 0.22978 0.30210 0.01322 60 2878
0.38133 0.45779 0.03512 0.11694 0.00882 70 3909
0.41816 0.22359 0.10593 0.23244 0.01989 80 5096
0.24903 0.29514 0.05372 0.39020 0.01191 90 6447
0.18596 0.52912 0.02415 0.25591 0.00486 100 7948
0.43260 0.16439 0.01248 0.37810 0.01243 110 9601
0.45206 0.14098 0.01990 0.37737 0.00970 120 11422
0.00001 0.00002 0.00003 0.99989 0.00005 0 0
0.32822 0.17702 0.00151 0.44068 0.05256 10 85
0.43670 0.18683 0.02494 0.27403 0.07751 20 330
0.04537 0.85677 0.00526 0.08870 0.00389 30 731
0.05973 0.40580 0.00300 0.52759 0.00388 40 1292
0.06224 0.47076 0.00610 0.45606 0.00484 50 2005
0.08940 0.53778 0.00211 0.36870 0.00201 60 2878
0.11040 0.68415 0.00477 0.19549 0.00518 70 3909
0.10289 0.57790 0.00353 0.31032 0.00536 80 5096
0.09150 0.72516 0.01344 0.16654 0.00336 90 6447
0.10628 0.71042 0.00523 0.17499 0.00308 100 7948
0.15494 0.61542 0.01274 0.21327 0.00363 110 9601
0.16328 0.66087 0.01973 0.14980 0.00632 120 11422
0.01267 0.02319 0.01671 0.15864 0.78879 0 0
0.13964 0.02410 0.01176 0.82080 0.00370 10 85
0.40541 0.05693 0.38521 0.14799 0.00445 20 330
0.07595 0.05969 0.84106 0.02122 0.00206 30 731
0.08671 0.24448 0.61046 0.04570 0.01264 40 1292
0.00763 0.11183 0.83040 0.04862 0.00152 50 2005
0.29228 0.10150 0.41562 0.17637 0.01423 60 2878
0.45418 0.15397 0.03133 0.35520 0.00533 70 3909
0.36441 0.30673 0.09661 0.22112 0.01113 80 5096
0.17942 0.27600 0.08998 0.44774 0.00686 90 6447
0.41754 0.24085 0.01609 0.31643 0.00909 100 7948
0.39467 0.14946 0.07400 0.36303 0.01884 110 9601
0.14949 0.28024 0.01606 0.54599 0.00821 120 11422
0.00092 0.00071 0.00286 0.98880 0.00670 0 0
0.06776 0.01217 0.01840 0.78647 0.11519 10 85
0.00606 0.00496 0.00073 0.98638 0.00187 20 330
0.12759 0.44520 0.33510 0.06791 0.02419 30 731
0.09915 0.47700 0.17355 0.20796 0.04233 40 1292
0.06208 0.39429 0.03757 0.48651 0.01956 50 2005
0.12728 0.47800 0.17589 0.20081 0.01802 60 2878
0.02305 0.72887 0.08017 0.15755 0.01036 70 3909
0.09253 0.26009 0.20127 0.41671 0.02941 80 5096
0.07394 0.60099 0.10631 0.21201 0.00675 90 6447
0.07540 0.16579 0.32133 0.42800 0.00948 100 7948
0.04613 0.22595 0.47540 0.23859 0.01393 110 9601
0.07539 0.06844 0.56990 0.26968 0.01659 120 11422
0.00573 0.00358 0.02837 0.04671 0.91562 0 0
0.32314 0.08394 0.00618 0.54011 0.04663 10 85
0.85625 0.05704 0.02627 0.04576 0.01467 20 330
0.17306 0.55665 0.23816 0.02170 0.01044 30 731
0.05999 0.69128 0.14203 0.08429 0.02242 40 1292
0.02913 0.81149 0.04496 0.11065 0.00378 50 2005
0.00632 0.67474 0.00573 0.31221 0.00101 60 2878
0.03406 0.69941 0.00214 0.26246 0.00194 70 3909
0.28031 0.47436 0.00442 0.23296 0.00796 80 5096
0.36847 0.13656 0.01454 0.47283 0.00759 90 6447
0.12161 0.44232 0.01002 0.42176 0.00429 100 7948
0.50099 0.19562 0.01253 0.28436 0.00649 110 9601
0.22294 0.48122 0.01642 0.27525 0.00417 120 11422
0.00030 0.00010 0.00005 0.99709 0.00245 0 0
0.03604 0.00274 0.00384 0.95267 0.00471 10 85
0.09638 0.06928 0.00688 0.79959 0.02787 20 330
0.02181 0.82274 0.02062 0.12867 0.00615 30 731
0.00649 0.75854 0.00257 0.22733 0.00506 40 1292
0.01726 0.50744 0.00646 0.46682 0.00202 50 2005
0.04848 0.58237 0.01498 0.34885 0.00533 60 2878
0.04232 0.65237 0.00478 0.29753 0.00300 70 3909
0.12580 0.48926 0.05217 0.32618 0.00659 80 5096
0.13970 0.40066 0.04284 0.39826 0.01854 90 6447
0.14705 0.59665 0.02375 0.22783 0.00472 100 7948
0.26550 0.31126 0.19630 0.21293 0.01400 110 9601
0.17229 0.25310 0.37352 0.18792 0.01316 120 11422
0.00009 0.00037 0.00035 0.99894 0.00024 0 0
0.10210 0.02452 0.01467 0.69392 0.16480 10 85
0.00292 0.00130 0.00131 0.99269 0.00178 20 330
0.18413 0.31233 0.00884 0.48896 0.00574 30 731
0.09095 0.63675 0.01637 0.25119 0.00474 40 1292
0.00683 0.88761 0.00335 0.09959 0.00263 50 2005
0.01286 0.89094 0.02198 0.07113 0.00309 60 2878
0.05221 0.80278 0.05568 0.08624 0.00309 70 3909
0.04269 0.76606 0.05951 0.12748 0.00426 80 5096
0.10513 0.55995 0.19009 0.13776 0.00707 90 6447
0.07363 0.66213 0.14820 0.11369 0.00235 100 7948
0.13639 0.32618 0.19545 0.33508 0.00690 110 9601
0.34205 0.17922 0.15370 0.30475 0.02028 120 11422
0.00112 0.00179 0.00023 0.99167 0.00519 0 0
0.58668 0.22624 0.02283 0.13592 0.02834 10 85
0.66404 0.18519 0.11342 0.03426 0.00309 20 330
0.22734 0.39277 0.30589 0.07008 0.00392 30 731
0.14326 0.50196 0.04001 0.30071 0.01406 40 1292
0.08662 0.80889 0.00213 0.10058 0.00179 50 2005
0.39524 0.34636 0.01169 0.23363 0.01308 60 2878
0.28839 0.48045 0.02154 0.20171 0.00792 70 3909
0.40906 0.29405 0.02553 0.25668 0.01467 80 5096
0.58355 0.10001 0.03398 0.26554 0.01692 90 6447
0.47377 0.13618 0.08564 0.28599 0.01841 100 7933
0.65146 0.07396 0.02419 0.23414 0.01625 110 9221
0.44026 0.03344 0.11466 0.37890 0.03274 120 10413
0.02789 0.00858 0.00425 0.95167 0.00761 0 0
0.33397 0.08002 0.01265 0.52174 0.05162 10 85
0.57682 0.20162 0.02839 0.13776 0.05541 20 330
0.39402 0.29533 0.21277 0.07135 0.02652 30 731
0.07991 0.69774 0.13567 0.06861 0.01806 40 1292
0.06873 0.63437 0.16898 0.11681 0.01110 50 2005
0.03272 0.80360 0.07757 0.08208 0.00403 60 2878
0.02835 0.64386 0.09404 0.22564 0.00811 70 3909
0.01028 0.62593 0.07338 0.28720 0.00321 80 5096
0.03327 0.60912 0.08838 0.26359 0.00563 90 6447
0.03501 0.66690 0.07900 0.21318 0.00590 100 7948
0.01772 0.41843 0.05603 0.50356 0.00427 110 9601
0.02910 0.67653 0.09671 0.19227 0.00539 120 11422
0.00017 0.00011 0.00029 0.99931 0.00013 0 0
0.03949 0.02400 0.05470 0.84751 0.03430 10 85
0.57732 0.07137 0.00805 0.32256 0.02070 20 330
0.50953 0.15195 0.28603 0.02651 0.02598 30 731
0.10715 0.09337 0.75970 0.02381 0.01597 40 1292
0.07716 0.45886 0.42274 0.03148 0.00976 50 2005
0.02600 0.84617 0.07180 0.05399 0.00204 60 2878
0.17234 0.62870 0.12087 0.07147 0.00663 70 3909
0.09854 0.55046 0.08932 0.25055 0.01112 80 5096
0.01616 0.74740 0.04943 0.18334 0.00366 90 6447
0.02888 0.57245 0.05780 0.33493 0.00593 100 7948
0.04435 0.36702 0.09652 0.48786 0.00426 110 9601
0.07998 0.36702 0.14949 0.39787 0.00565 120 11422
