0.99056 0 0
0.93128 0 2
0.95098 0 4
0.94414 0 6
0.93004 0 8
0.93126 0 10
0.93907 0 12
0.94022 0 14
0.94413 0 16
0.94786 0 18
0.94274 0 20
0.95077 0 22
0.93852 0 24
0.93285 0 26
0.93913 0 28
0.94097 0 30
0.94064 0 32
0.94089 0 34
0.94157 0 36
0.94043 0 38
0.94278 0 40
0.94529 0 42
0.93692 0 44
0.93983 0 46
0.94007 0 48
0.94056 0 50
0.93681 0 52
0.93680 0 54
0.93974 0 56
0.93837 0 58
0.93846 0 60
0.93739 0 62
0.94048 0 64
0.94118 0 66
0.94031 0 68
0.94062 0 70
0.93868 0 72
0.93955 0 74
0.94064 0 76
0.93830 0 78
0.94057 0 80
0.94046 0 82
0.93950 0 84
0.94142 0 86
0.93729 0 88
0.93986 0 90
0.93982 0 92
0.94016 0 94
0.94044 0 96
0.94203 0 98
0.93889 0 100
0.94050 0 102
0.94057 0 104
0.94100 0 106
0.94004 0 108
0.92577 2 0
0.92330 2 2
0.94338 2 4
0.95791 2 6
0.94858 2 8
0.94633 2 10
0.93832 2 12
0.94654 2 14
0.94688 2 16
0.94474 2 18
0.94294 2 20
0.94227 2 22
0.94205 2 24
0.93882 2 26
0.94309 2 28
0.93863 2 30
0.94101 2 32
0.94296 2 34
0.93791 2 36
0.93809 2 38
0.94565 2 40
0.93956 2 42
0.94410 2 44
0.93967 2 46
0.94439 2 48
0.93601 2 50
0.94108 2 52
0.94063 2 54
0.94024 2 56
0.94012 2 58
0.94137 2 60
0.93971 2 62
0.93679 2 64
0.94167 2 66
0.93977 2 68
0.94137 2 70
0.94094 2 72
0.94042 2 74
0.94037 2 76
0.93924 2 78
0.94043 2 80
0.93653 2 82
0.93973 2 84
0.94012 2 86
0.94032 2 88
0.94014 2 90
0.94053 2 92
0.94085 2 94
0.93950 2 96
0.93993 2 98
0.94021 2 100
0.94019 2 102
0.93816 2 104
0.94093 2 106
0.94067 2 108
0.92518 4 0
0.95734 4 2
0.93522 4 4
0.94707 4 6
0.95808 4 8
0.94622 4 10
0.94470 4 12
0.94635 4 14
0.94457 4 16
0.93849 4 18
0.94398 4 20
0.94821 4 22
0.94584 4 24
0.94175 4 26
0.94725 4 28
0.93929 4 30
0.94560 4 32
0.94019 4 34
0.93857 4 36
0.94214 4 38
0.94126 4 40
0.94031 4 42
0.94124 4 44
0.94459 4 46
0.93544 4 48
0.93807 4 50
0.94304 4 52
0.93975 4 54
0.93975 4 56
0.94245 4 58
0.93711 4 60
0.93982 4 62
0.93922 4 64
0.94130 4 66
0.94075 4 68
0.94103 4 70
0.94137 4 72
0.94124 4 74
0.93901 4 76
0.94089 4 78
0.94067 4 80
0.93961 4 82
0.94220 4 84
0.94153 4 86
0.93965 4 88
0.94011 4 90
0.94049 4 92
0.94026 4 94
0.93914 4 96
0.94222 4 98
0.94073 4 100
0.94023 4 102
0.93963 4 104
0.94102 4 106
0.94108 4 108
0.93800 6 0
0.95020 6 2
0.94638 6 4
0.92949 6 6
0.93318 6 8
0.94159 6 10
0.92511 6 12
0.93944 6 14
0.93817 6 16
0.94135 6 18
0.93482 6 20
0.94265 6 22
0.94256 6 24
0.93976 6 26
0.92867 6 28
0.93739 6 30
0.94114 6 32
0.94798 6 34
0.93889 6 36
0.94240 6 38
0.93848 6 40
0.93997 6 42
0.93825 6 44
0.93972 6 46
0.93999 6 48
0.94019 6 50
0.94230 6 52
0.93924 6 54
0.93631 6 56
0.93937 6 58
0.94358 6 60
0.94285 6 62
0.93990 6 64
0.94027 6 66
0.93915 6 68
0.94105 6 70
0.94057 6 72
0.94028 6 74
0.94067 6 76
0.94201 6 78
0.93850 6 80
0.94200 6 82
0.94076 6 84
0.94043 6 86
0.94037 6 88
0.94128 6 90
0.93896 6 92
0.94082 6 94
0.93984 6 96
0.94054 6 98
0.94142 6 100
0.93937 6 102
0.94070 6 104
0.93927 6 106
0.94141 6 108
0.95668 8 0
0.94155 8 2
0.92430 8 4
0.93056 8 6
0.94944 8 8
0.94282 8 10
0.94310 8 12
0.94167 8 14
0.94603 8 16
0.93657 8 18
0.94293 8 20
0.93679 8 22
0.94865 8 24
0.93710 8 26
0.93991 8 28
0.94139 8 30
0.93738 8 32
0.94404 8 34
0.94256 8 36
0.94205 8 38
0.93888 8 40
0.94054 8 42
0.94134 8 44
0.93531 8 46
0.93845 8 48
0.93852 8 50
0.93940 8 52
0.94274 8 54
0.93996 8 56
0.94309 8 58
0.94228 8 60
0.94054 8 62
0.93958 8 64
0.94038 8 66
0.93804 8 68
0.94176 8 70
0.94075 8 72
0.94072 8 74
0.94054 8 76
0.93878 8 78
0.93837 8 80
0.94075 8 82
0.94037 8 84
0.93898 8 86
0.94004 8 88
0.94086 8 90
0.94022 8 92
0.94123 8 94
0.94027 8 96
0.93957 8 98
0.93972 8 100
0.94054 8 102
0.94028 8 104
0.94128 8 106
0.94042 8 108
0.94541 10 0
0.94048 10 2
0.95356 10 4
0.94062 10 6
0.94107 10 8
0.93982 10 10
0.93524 10 12
0.94603 10 14
0.93782 10 16
0.94295 10 18
0.94016 10 20
0.94024 10 22
0.94131 10 24
0.93772 10 26
0.94237 10 28
0.94421 10 30
0.93803 10 32
0.94434 10 34
0.94482 10 36
0.93459 10 38
0.94063 10 40
0.93638 10 42
0.94460 10 44
0.94761 10 46
0.94016 10 48
0.93705 10 50
0.94238 10 52
0.94123 10 54
0.93903 10 56
0.94238 10 58
0.94008 10 60
0.94285 10 62
0.94279 10 64
0.93904 10 66
0.94080 10 68
0.94157 10 70
0.94082 10 72
0.93670 10 74
0.94011 10 76
0.93814 10 78
0.94134 10 80
0.94004 10 82
0.93907 10 84
0.94041 10 86
0.94111 10 88
0.94037 10 90
0.93889 10 92
0.94062 10 94
0.93942 10 96
0.94069 10 98
0.94014 10 100
0.93961 10 102
0.94086 10 104
0.93876 10 106
0.94188 10 108
0.95200 12 0
0.94607 12 2
0.94574 12 4
0.93745 12 6
0.95036 12 8
0.94401 12 10
0.94399 12 12
0.94401 12 14
0.93655 12 16
0.93749 12 18
0.94614 12 20
0.94115 12 22
0.93636 12 24
0.94353 12 26
0.94418 12 28
0.94100 12 30
0.94342 12 32
0.93338 12 34
0.94679 12 36
0.94032 12 38
0.94212 12 40
0.94068 12 42
0.93763 12 44
0.93939 12 46
0.94510 12 48
0.94453 12 50
0.93941 12 52
0.94281 12 54
0.93828 12 56
0.93999 12 58
0.94232 12 60
0.93988 12 62
0.94190 12 64
0.93834 12 66
0.93772 12 68
0.93899 12 70
0.94058 12 72
0.94018 12 74
0.94049 12 76
0.94036 12 78
0.94035 12 80
0.94004 12 82
0.93930 12 84
0.93990 12 86
0.93946 12 88
0.94032 12 90
0.93984 12 92
0.94095 12 94
0.94078 12 96
0.93899 12 98
0.94077 12 100
0.93964 12 102
0.94023 12 104
0.93877 12 106
0.93976 12 108
0.92825 14 0
0.93636 14 2
0.93689 14 4
0.94382 14 6
0.93853 14 8
0.94307 14 10
0.94069 14 12
0.94508 14 14
0.94420 14 16
0.94004 14 18
0.93743 14 20
0.94150 14 22
0.93698 14 24
0.94004 14 26
0.94529 14 28
0.94089 14 30
0.94053 14 32
0.93936 14 34
0.93999 14 36
0.93914 14 38
0.94096 14 40
0.93833 14 42
0.93988 14 44
0.93842 14 46
0.94095 14 48
0.93954 14 50
0.93919 14 52
0.93718 14 54
0.94077 14 56
0.94023 14 58
0.94235 14 60
0.94173 14 62
0.93934 14 64
0.93778 14 66
0.93947 14 68
0.94106 14 70
0.94074 14 72
0.94048 14 74
0.93794 14 76
0.93995 14 78
0.94131 14 80
0.93934 14 82
0.93875 14 84
0.94083 14 86
0.94064 14 88
0.94038 14 90
0.94029 14 92
0.93968 14 94
0.94096 14 96
0.93956 14 98
0.94091 14 100
0.94042 14 102
0.94100 14 104
0.94040 14 106
0.94214 14 108
0.93726 16 0
0.94280 16 2
0.93855 16 4
0.93763 16 6
0.93317 16 8
0.95473 16 10
0.93225 16 12
0.94125 16 14
0.94373 16 16
0.93969 16 18
0.94121 16 20
0.94135 16 22
0.94280 16 24
0.94277 16 26
0.94117 16 28
0.93754 16 30
0.94164 16 32
0.94455 16 34
0.93954 16 36
0.93686 16 38
0.93733 16 40
0.93748 16 42
0.94203 16 44
0.93996 16 46
0.94016 16 48
0.93951 16 50
0.94305 16 52
0.93877 16 54
0.94172 16 56
0.93921 16 58
0.93986 16 60
0.93919 16 62
0.93553 16 64
0.93823 16 66
0.94032 16 68
0.94245 16 70
0.94107 16 72
0.93862 16 74
0.93949 16 76
0.93892 16 78
0.93952 16 80
0.94012 16 82
0.94066 16 84
0.93935 16 86
0.94066 16 88
0.94021 16 90
0.94038 16 92
0.94024 16 94
0.94015 16 96
0.94070 16 98
0.93989 16 100
0.94066 16 102
0.94150 16 104
0.93967 16 106
0.94081 16 108
0.95461 18 0
0.94130 18 2
0.93779 18 4
0.93952 18 6
0.93350 18 8
0.93779 18 10
0.95001 18 12
0.92496 18 14
0.94139 18 16
0.94312 18 18
0.94201 18 20
0.94321 18 22
0.94030 18 24
0.94144 18 26
0.93785 18 28
0.93340 18 30
0.93959 18 32
0.93992 18 34
0.94210 18 36
0.93972 18 38
0.93864 18 40
0.94074 18 42
0.94203 18 44
0.94159 18 46
0.94007 18 48
0.93784 18 50
0.94137 18 52
0.93672 18 54
0.94029 18 56
0.94116 18 58
0.94117 18 60
0.94072 18 62
0.93939 18 64
0.94009 18 66
0.93995 18 68
0.94080 18 70
0.94000 18 72
0.94028 18 74
0.93993 18 76
0.94139 18 78
0.94061 18 80
0.94046 18 82
0.94078 18 84
0.94106 18 86
0.94118 18 88
0.94065 18 90
0.94203 18 92
0.94080 18 94
0.94128 18 96
0.93881 18 98
0.94036 18 100
0.94123 18 102
0.94102 18 104
0.94021 18 106
0.94145 18 108
0.94371 20 0
0.94394 20 2
0.94951 20 4
0.93300 20 6
0.94977 20 8
0.93647 20 10
0.93632 20 12
0.94838 20 14
0.94617 20 16
0.94387 20 18
0.93514 20 20
0.93798 20 22
0.94342 20 24
0.93962 20 26
0.93868 20 28
0.94015 20 30
0.93588 20 32
0.94010 20 34
0.94497 20 36
0.93563 20 38
0.94132 20 40
0.94180 20 42
0.93683 20 44
0.94058 20 46
0.93900 20 48
0.94268 20 50
0.94080 20 52
0.94000 20 54
0.93757 20 56
0.93816 20 58
0.94054 20 60
0.94133 20 62
0.93791 20 64
0.93918 20 66
0.93982 20 68
0.94094 20 70
0.94047 20 72
0.93967 20 74
0.94102 20 76
0.93985 20 78
0.94041 20 80
0.93950 20 82
0.94131 20 84
0.94053 20 86
0.94106 20 88
0.94032 20 90
0.93853 20 92
0.94072 20 94
0.93775 20 96
0.93969 20 98
0.94018 20 100
0.94136 20 102
0.93978 20 104
0.94008 20 106
0.94128 20 108
0.94579 22 0
0.93816 22 2
0.93281 22 4
0.94047 22 6
0.93996 22 8
0.94282 22 10
0.93941 22 12
0.94187 22 14
0.93514 22 16
0.93983 22 18
0.94695 22 20
0.93247 22 22
0.94005 22 24
0.94310 22 26
0.94173 22 28
0.93894 22 30
0.94234 22 32
0.94192 22 34
0.94179 22 36
0.94123 22 38
0.94377 22 40
0.93682 22 42
0.94109 22 44
0.94037 22 46
0.94219 22 48
0.94142 22 50
0.93871 22 52
0.93900 22 54
0.94055 22 56
0.93996 22 58
0.94098 22 60
0.93614 22 62
0.93973 22 64
0.94069 22 66
0.93855 22 68
0.93776 22 70
0.93741 22 72
0.93902 22 74
0.94056 22 76
0.94115 22 78
0.93886 22 80
0.94084 22 82
0.94076 22 84
0.94006 22 86
0.94083 22 88
0.94103 22 90
0.94043 22 92
0.94071 22 94
0.94077 22 96
0.94152 22 98
0.94021 22 100
0.94104 22 102
0.93975 22 104
0.93974 22 106
0.93961 22 108
0.93406 24 0
0.94507 24 2
0.94671 24 4
0.93885 24 6
0.94171 24 8
0.93891 24 10
0.95066 24 12
0.93746 24 14
0.94030 24 16
0.93627 24 18
0.94092 24 20
0.93850 24 22
0.93822 24 24
0.94395 24 26
0.93263 24 28
0.93779 24 30
0.93807 24 32
0.94004 24 34
0.93709 24 36
0.93769 24 38
0.94464 24 40
0.93943 24 42
0.94492 24 44
0.93677 24 46
0.93500 24 48
0.94212 24 50
0.93921 24 52
0.94011 24 54
0.93996 24 56
0.93882 24 58
0.94031 24 60
0.93872 24 62
0.94131 24 64
0.94047 24 66
0.94051 24 68
0.94099 24 70
0.93938 24 72
0.93965 24 74
0.94099 24 76
0.94189 24 78
0.94134 24 80
0.94043 24 82
0.93932 24 84
0.93823 24 86
0.93998 24 88
0.94104 24 90
0.94017 24 92
0.94013 24 94
0.94079 24 96
0.94038 24 98
0.93981 24 100
0.94086 24 102
0.94131 24 104
0.93963 24 106
0.94056 24 108
0.92780 26 0
0.94457 26 2
0.94201 26 4
0.93665 26 6
0.94697 26 8
0.93694 26 10
0.94146 26 12
0.94212 26 14
0.94243 26 16
0.93877 26 18
0.94034 26 20
0.93472 26 22
0.94291 26 24
0.93856 26 26
0.94040 26 28
0.94173 26 30
0.93857 26 32
0.93580 26 34
0.94171 26 36
0.94183 26 38
0.94341 26 40
0.93644 26 42
0.93660 26 44
0.94301 26 46
0.93680 26 48
0.93705 26 50
0.94170 26 52
0.93835 26 54
0.94108 26 56
0.93970 26 58
0.94060 26 60
0.93988 26 62
0.93856 26 64
0.94006 26 66
0.93758 26 68
0.94034 26 70
0.94215 26 72
0.93804 26 74
0.93868 26 76
0.94095 26 78
0.94119 26 80
0.94134 26 82
0.94095 26 84
0.93871 26 86
0.94089 26 88
0.93950 26 90
0.94109 26 92
0.93977 26 94
0.94147 26 96
0.93979 26 98
0.93905 26 100
0.94055 26 102
0.94209 26 104
0.93823 26 106
0.93998 26 108
0.93725 28 0
0.93415 28 2
0.92582 28 4
0.93605 28 6
0.93913 28 8
0.94140 28 10
0.94068 28 12
0.94417 28 14
0.93674 28 16
0.93999 28 18
0.94624 28 20
0.94161 28 22
0.94173 28 24
0.94150 28 26
0.93939 28 28
0.94109 28 30
0.94032 28 32
0.93995 28 34
0.94194 28 36
0.94084 28 38
0.93889 28 40
0.94432 28 42
0.93952 28 44
0.93688 28 46
0.93981 28 48
0.93721 28 50
0.94002 28 52
0.94048 28 54
0.93992 28 56
0.93914 28 58
0.93954 28 60
0.94155 28 62
0.93681 28 64
0.94052 28 66
0.93905 28 68
0.94009 28 70
0.94020 28 72
0.94051 28 74
0.93963 28 76
0.93825 28 78
0.93849 28 80
0.93969 28 82
0.94043 28 84
0.93942 28 86
0.93884 28 88
0.93953 28 90
0.93994 28 92
0.94103 28 94
0.94013 28 96
0.94022 28 98
0.93877 28 100
0.94018 28 102
0.94036 28 104
0.94014 28 106
0.94026 28 108
0.93852 30 0
0.93782 30 2
0.93673 30 4
0.94069 30 6
0.93819 30 8
0.94333 30 10
0.94089 30 12
0.93520 30 14
0.93909 30 16
0.94530 30 18
0.94070 30 20
0.93750 30 22
0.93868 30 24
0.93854 30 26
0.94155 30 28
0.94076 30 30
0.93843 30 32
0.94080 30 34
0.93925 30 36
0.93928 30 38
0.94034 30 40
0.93814 30 42
0.94006 30 44
0.94065 30 46
0.94080 30 48
0.93995 30 50
0.94104 30 52
0.93928 30 54
0.94012 30 56
0.93843 30 58
0.94166 30 60
0.94076 30 62
0.94088 30 64
0.93938 30 66
0.93962 30 68
0.93905 30 70
0.93957 30 72
0.93999 30 74
0.94143 30 76
0.94127 30 78
0.93837 30 80
0.93847 30 82
0.93983 30 84
0.93949 30 86
0.94005 30 88
0.94023 30 90
0.94069 30 92
0.94057 30 94
0.93938 30 96
0.94020 30 98
0.94044 30 100
0.94076 30 102
0.94129 30 104
0.94036 30 106
0.94092 30 108
0.93841 32 0
0.93830 32 2
0.94289 32 4
0.93981 32 6
0.94054 32 8
0.93347 32 10
0.93551 32 12
0.94322 32 14
0.94271 32 16
0.94034 32 18
0.93991 32 20
0.94149 32 22
0.93697 32 24
0.94103 32 26
0.94410 32 28
0.94252 32 30
0.93882 32 32
0.94038 32 34
0.94052 32 36
0.94068 32 38
0.94087 32 40
0.93833 32 42
0.93824 32 44
0.93873 32 46
0.93923 32 48
0.93842 32 50
0.93846 32 52
0.93913 32 54
0.93776 32 56
0.94004 32 58
0.94132 32 60
0.94116 32 62
0.93872 32 64
0.94077 32 66
0.94084 32 68
0.93968 32 70
0.93873 32 72
0.94112 32 74
0.93840 32 76
0.94056 32 78
0.94101 32 80
0.93880 32 82
0.94020 32 84
0.93964 32 86
0.94046 32 88
0.93982 32 90
0.94213 32 92
0.94020 32 94
0.94016 32 96
0.94044 32 98
0.94076 32 100
0.94003 32 102
0.94129 32 104
0.94013 32 106
0.94027 32 108
0.93403 34 0
0.93737 34 2
0.93933 34 4
0.94140 34 6
0.93975 34 8
0.93999 34 10
0.93447 34 12
0.94360 34 14
0.94212 34 16
0.94227 34 18
0.93683 34 20
0.94059 34 22
0.93932 34 24
0.93623 34 26
0.93873 34 28
0.93761 34 30
0.94267 34 32
0.93914 34 34
0.94445 34 36
0.93885 34 38
0.94165 34 40
0.93878 34 42
0.94356 34 44
0.93804 34 46
0.93628 34 48
0.93727 34 50
0.93839 34 52
0.94021 34 54
0.94154 34 56
0.93927 34 58
0.94019 34 60
0.93923 34 62
0.94210 34 64
0.94094 34 66
0.93823 34 68
0.93831 34 70
0.93702 34 72
0.94097 34 74
0.93985 34 76
0.93811 34 78
0.94062 34 80
0.93916 34 82
0.94094 34 84
0.94016 34 86
0.94024 34 88
0.94131 34 90
0.93988 34 92
0.94050 34 94
0.93971 34 96
0.94066 34 98
0.94060 34 100
0.94057 34 102
0.94018 34 104
0.94078 34 106
0.93993 34 108
0.93952 36 0
0.93690 36 2
0.93780 36 4
0.93334 36 6
0.93804 36 8
0.94426 36 10
0.94219 36 12
0.93556 36 14
0.93671 36 16
0.94420 36 18
0.94090 36 20
0.94073 36 22
0.94212 36 24
0.94240 36 26
0.93960 36 28
0.93621 36 30
0.94079 36 32
0.94083 36 34
0.93949 36 36
0.94214 36 38
0.93273 36 40
0.93966 36 42
0.94177 36 44
0.94042 36 46
0.93914 36 48
0.93684 36 50
0.94082 36 52
0.93955 36 54
0.93997 36 56
0.93908 36 58
0.93846 36 60
0.93860 36 62
0.93873 36 64
0.93931 36 66
0.94087 36 68
0.93923 36 70
0.93805 36 72
0.93854 36 74
0.94008 36 76
0.94093 36 78
0.94090 36 80
0.93997 36 82
0.94008 36 84
0.93973 36 86
0.94056 36 88
0.94044 36 90
0.93972 36 92
0.94099 36 94
0.94135 36 96
0.94004 36 98
0.94075 36 100
0.94075 36 102
0.93969 36 104
0.94093 36 106
0.93966 36 108
0.94159 38 0
0.94105 38 2
0.94028 38 4
0.94104 38 6
0.93641 38 8
0.93701 38 10
0.93826 38 12
0.93763 38 14
0.94478 38 16
0.94177 38 18
0.94019 38 20
0.94050 38 22
0.93733 38 24
0.93902 38 26
0.93906 38 28
0.94002 38 30
0.94041 38 32
0.93793 38 34
0.94059 38 36
0.93568 38 38
0.93252 38 40
0.94038 38 42
0.94131 38 44
0.93774 38 46
0.94162 38 48
0.94309 38 50
0.93953 38 52
0.93877 38 54
0.93550 38 56
0.93690 38 58
0.94043 38 60
0.93743 38 62
0.93973 38 64
0.93832 38 66
0.94028 38 68
0.93839 38 70
0.94014 38 72
0.93866 38 74
0.93897 38 76
0.94078 38 78
0.93953 38 80
0.94110 38 82
0.94118 38 84
0.94074 38 86
0.94092 38 88
0.93967 38 90
0.94063 38 92
0.93886 38 94
0.94094 38 96
0.94002 38 98
0.94063 38 100
0.94172 38 102
0.94020 38 104
0.94018 38 106
0.94056 38 108
0.94368 40 0
0.93840 40 2
0.93980 40 4
0.93840 40 6
0.93958 40 8
0.93869 40 10
0.93779 40 12
0.93920 40 14
0.94181 40 16
0.94608 40 18
0.93248 40 20
0.93896 40 22
0.93461 40 24
0.93730 40 26
0.94230 40 28
0.93839 40 30
0.94008 40 32
0.93980 40 34
0.94082 40 36
0.93615 40 38
0.94082 40 40
0.94040 40 42
0.94018 40 44
0.94334 40 46
0.94110 40 48
0.94008 40 50
0.93914 40 52
0.93817 40 54
0.93876 40 56
0.93938 40 58
0.93837 40 60
0.94045 40 62
0.94197 40 64
0.94104 40 66
0.94041 40 68
0.94130 40 70
0.94064 40 72
0.93893 40 74
0.94149 40 76
0.94006 40 78
0.94023 40 80
0.94092 40 82
0.93945 40 84
0.93980 40 86
0.93869 40 88
0.94050 40 90
0.93969 40 92
0.94101 40 94
0.93979 40 96
0.94109 40 98
0.93923 40 100
0.94086 40 102
0.93976 40 104
0.94094 40 106
0.94031 40 108
0.94089 42 0
0.94134 42 2
0.93248 42 4
0.94100 42 6
0.94428 42 8
0.93880 42 10
0.94215 42 12
0.94364 42 14
0.94425 42 16
0.93914 42 18
0.94006 42 20
0.93925 42 22
0.94144 42 24
0.93672 42 26
0.94118 42 28
0.94301 42 30
0.94097 42 32
0.93796 42 34
0.93706 42 36
0.93778 42 38
0.94060 42 40
0.94067 42 42
0.93865 42 44
0.94134 42 46
0.94055 42 48
0.94038 42 50
0.93956 42 52
0.93952 42 54
0.94030 42 56
0.94094 42 58
0.94057 42 60
0.94177 42 62
0.93916 42 64
0.93984 42 66
0.93870 42 68
0.93948 42 70
0.93940 42 72
0.94071 42 74
0.93926 42 76
0.93547 42 78
0.94053 42 80
0.94029 42 82
0.94118 42 84
0.93949 42 86
0.94191 42 88
0.94005 42 90
0.93966 42 92
0.94048 42 94
0.94038 42 96
0.94113 42 98
0.94081 42 100
0.94050 42 102
0.94126 42 104
0.93968 42 106
0.94088 42 108
0.93422 44 0
0.93929 44 2
0.93849 44 4
0.93967 44 6
0.94150 44 8
0.94367 44 10
0.94138 44 12
0.93950 44 14
0.93677 44 16
0.93500 44 18
0.93815 44 20
0.94429 44 22
0.93973 44 24
0.94099 44 26
0.93931 44 28
0.94234 44 30
0.94267 44 32
0.94015 44 34
0.94185 44 36
0.93962 44 38
0.94002 44 40
0.94191 44 42
0.93799 44 44
0.94127 44 46
0.93597 44 48
0.94049 44 50
0.93936 44 52
0.94125 44 54
0.93389 44 56
0.93874 44 58
0.94253 44 60
0.93800 44 62
0.93965 44 64
0.93959 44 66
0.94207 44 68
0.94044 44 70
0.94065 44 72
0.94076 44 74
0.94060 44 76
0.94192 44 78
0.93783 44 80
0.93881 44 82
0.94122 44 84
0.93907 44 86
0.93989 44 88
0.93992 44 90
0.93925 44 92
0.94136 44 94
0.94021 44 96
0.94015 44 98
0.94038 44 100
0.94026 44 102
0.94154 44 104
0.94095 44 106
0.94000 44 108
0.94048 46 0
0.93401 46 2
0.93910 46 4
0.94159 46 6
0.93953 46 8
0.94144 46 10
0.93874 46 12
0.93927 46 14
0.93844 46 16
0.94413 46 18
0.93986 46 20
0.94008 46 22
0.93842 46 24
0.94089 46 26
0.94140 46 28
0.94108 46 30
0.94191 46 32
0.93857 46 34
0.93815 46 36
0.94170 46 38
0.94127 46 40
0.93892 46 42
0.93928 46 44
0.94200 46 46
0.93909 46 48
0.93933 46 50
0.93935 46 52
0.93998 46 54
0.94033 46 56
0.94243 46 58
0.93883 46 60
0.93943 46 62
0.94162 46 64
0.93842 46 66
0.94069 46 68
0.93905 46 70
0.93919 46 72
0.94001 46 74
0.94038 46 76
0.94072 46 78
0.93853 46 80
0.94218 46 82
0.93843 46 84
0.94079 46 86
0.94098 46 88
0.94043 46 90
0.93939 46 92
0.94029 46 94
0.93958 46 96
0.93891 46 98
0.94079 46 100
0.94073 46 102
0.94101 46 104
0.93992 46 106
0.93974 46 108
0.93775 48 0
0.93844 48 2
0.94070 48 4
0.94099 48 6
0.94093 48 8
0.94264 48 10
0.93350 48 12
0.93673 48 14
0.94075 48 16
0.93850 48 18
0.93808 48 20
0.93837 48 22
0.94060 48 24
0.94178 48 26
0.93903 48 28
0.94038 48 30
0.94030 48 32
0.93965 48 34
0.94279 48 36
0.94220 48 38
0.93807 48 40
0.94014 48 42
0.94146 48 44
0.93845 48 46
0.94105 48 48
0.93899 48 50
0.93264 48 52
0.94063 48 54
0.94010 48 56
0.93905 48 58
0.94014 48 60
0.93852 48 62
0.94192 48 64
0.94192 48 66
0.94052 48 68
0.94063 48 70
0.94194 48 72
0.94049 48 74
0.94006 48 76
0.93941 48 78
0.93996 48 80
0.94008 48 82
0.94122 48 84
0.93821 48 86
0.93910 48 88
0.94006 48 90
0.94126 48 92
0.93963 48 94
0.94058 48 96
0.93966 48 98
0.94069 48 100
0.94068 48 102
0.94062 48 104
0.94082 48 106
0.94034 48 108
0.94184 50 0
0.94596 50 2
0.94036 50 4
0.93838 50 6
0.93966 50 8
0.94178 50 10
0.93975 50 12
0.93787 50 14
0.93860 50 16
0.94055 50 18
0.93919 50 20
0.93678 50 22
0.94101 50 24
0.93981 50 26
0.94293 50 28
0.94007 50 30
0.94078 50 32
0.94159 50 34
0.94145 50 36
0.94130 50 38
0.93560 50 40
0.94060 50 42
0.94155 50 44
0.93981 50 46
0.93557 50 48
0.93885 50 50
0.94012 50 52
0.94213 50 54
0.94159 50 56
0.93871 50 58
0.94053 50 60
0.93672 50 62
0.93993 50 64
0.93943 50 66
0.93939 50 68
0.94037 50 70
0.93749 50 72
0.94064 50 74
0.93948 50 76
0.94053 50 78
0.93978 50 80
0.93909 50 82
0.94106 50 84
0.93992 50 86
0.94073 50 88
0.93880 50 90
0.94042 50 92
0.93882 50 94
0.94081 50 96
0.94151 50 98
0.94016 50 100
0.94039 50 102
0.94224 50 104
0.93909 50 106
0.94021 50 108
0.93803 52 0
0.93827 52 2
0.93590 52 4
0.93392 52 6
0.93899 52 8
0.94068 52 10
0.93919 52 12
0.94146 52 14
0.93749 52 16
0.93686 52 18
0.93848 52 20
0.93978 52 22
0.94047 52 24
0.94243 52 26
0.93749 52 28
0.94051 52 30
0.93844 52 32
0.94085 52 34
0.93726 52 36
0.93845 52 38
0.94393 52 40
0.93950 52 42
0.93851 52 44
0.94014 52 46
0.93946 52 48
0.93690 52 50
0.94078 52 52
0.93955 52 54
0.93910 52 56
0.93862 52 58
0.94003 52 60
0.94029 52 62
0.94120 52 64
0.94070 52 66
0.94001 52 68
0.93987 52 70
0.94106 52 72
0.94032 52 74
0.94065 52 76
0.93992 52 78
0.94051 52 80
0.94017 52 82
0.94063 52 84
0.93948 52 86
0.94030 52 88
0.93985 52 90
0.93911 52 92
0.94006 52 94
0.93853 52 96
0.93926 52 98
0.94056 52 100
0.93946 52 102
0.94059 52 104
0.94060 52 106
0.93943 52 108
0.93842 54 0
0.93812 54 2
0.93861 54 4
0.93775 54 6
0.94009 54 8
0.94001 54 10
0.94143 54 12
0.94310 54 14
0.94054 54 16
0.93753 54 18
0.93984 54 20
0.94224 54 22
0.93996 54 24
0.93704 54 26
0.94121 54 28
0.93931 54 30
0.94007 54 32
0.94017 54 34
0.94056 54 36
0.93904 54 38
0.93939 54 40
0.93775 54 42
0.94063 54 44
0.93984 54 46
0.93864 54 48
0.93611 54 50
0.94267 54 52
0.94040 54 54
0.94037 54 56
0.93939 54 58
0.93578 54 60
0.94106 54 62
0.94050 54 64
0.94004 54 66
0.94130 54 68
0.93876 54 70
0.94055 54 72
0.93984 54 74
0.93965 54 76
0.94174 54 78
0.94104 54 80
0.94153 54 82
0.94057 54 84
0.94073 54 86
0.93936 54 88
0.94094 54 90
0.93950 54 92
0.94081 54 94
0.93984 54 96
0.94010 54 98
0.94053 54 100
0.94077 54 102
0.94008 54 104
0.94188 54 106
0.94000 54 108
0.94850 56 0
0.94308 56 2
0.93619 56 4
0.94140 56 6
0.93954 56 8
0.93801 56 10
0.94172 56 12
0.94205 56 14
0.94293 56 16
0.93908 56 18
0.94413 56 20
0.94059 56 22
0.94121 56 24
0.94182 56 26
0.93974 56 28
0.94135 56 30
0.94021 56 32
0.94071 56 34
0.93917 56 36
0.94097 56 38
0.93357 56 40
0.93709 56 42
0.94144 56 44
0.93822 56 46
0.94067 56 48
0.93918 56 50
0.93965 56 52
0.93940 56 54
0.93997 56 56
0.93620 56 58
0.94037 56 60
0.93601 56 62
0.94011 56 64
0.94118 56 66
0.94071 56 68
0.94147 56 70
0.93835 56 72
0.93805 56 74
0.94018 56 76
0.94008 56 78
0.94004 56 80
0.93973 56 82
0.93850 56 84
0.94081 56 86
0.93939 56 88
0.94073 56 90
0.93984 56 92
0.93974 56 94
0.94067 56 96
0.94023 56 98
0.94185 56 100
0.94194 56 102
0.93976 56 104
0.94072 56 106
0.94070 56 108
0.94883 58 0
0.93736 58 2
0.94112 58 4
0.93993 58 6
0.93713 58 8
0.93832 58 10
0.93886 58 12
0.94269 58 14
0.94344 58 16
0.93720 58 18
0.93956 58 20
0.93910 58 22
0.94095 58 24
0.93873 58 26
0.94075 58 28
0.93855 58 30
0.94153 58 32
0.93958 58 34
0.94020 58 36
0.93815 58 38
0.93511 58 40
0.93531 58 42
0.94145 58 44
0.93967 58 46
0.94001 58 48
0.94081 58 50
0.93905 58 52
0.93330 58 54
0.93988 58 56
0.94119 58 58
0.93989 58 60
0.93984 58 62
0.94088 58 64
0.93969 58 66
0.93977 58 68
0.93791 58 70
0.94093 58 72
0.94047 58 74
0.94049 58 76
0.94140 58 78
0.94103 58 80
0.93945 58 82
0.94013 58 84
0.94125 58 86
0.94031 58 88
0.94028 58 90
0.94144 58 92
0.94108 58 94
0.94042 58 96
0.94046 58 98
0.93854 58 100
0.94126 58 102
0.93987 58 104
0.94004 58 106
0.94102 58 108
0.94139 60 0
0.94655 60 2
0.94194 60 4
0.94094 60 6
0.94038 60 8
0.94015 60 10
0.93936 60 12
0.93853 60 14
0.94211 60 16
0.94135 60 18
0.93882 60 20
0.94081 60 22
0.93915 60 24
0.94173 60 26
0.94183 60 28
0.94023 60 30
0.94044 60 32
0.94047 60 34
0.93777 60 36
0.94126 60 38
0.93722 60 40
0.94015 60 42
0.94095 60 44
0.94055 60 46
0.93755 60 48
0.94170 60 50
0.93859 60 52
0.93672 60 54
0.94124 60 56
0.93910 60 58
0.93885 60 60
0.94035 60 62
0.93925 60 64
0.94236 60 66
0.93988 60 68
0.94057 60 70
0.94054 60 72
0.93995 60 74
0.93913 60 76
0.93859 60 78
0.94056 60 80
0.93983 60 82
0.94048 60 84
0.94092 60 86
0.94029 60 88
0.94143 60 90
0.94117 60 92
0.94064 60 94
0.94102 60 96
0.93976 60 98
0.93992 60 100
0.94154 60 102
0.94005 60 104
0.93978 60 106
0.94061 60 108
0.92441 62 0
0.94259 62 2
0.93805 62 4
0.94091 62 6
0.93924 62 8
0.94201 62 10
0.93733 62 12
0.94206 62 14
0.94313 62 16
0.94171 62 18
0.93999 62 20
0.93947 62 22
0.93633 62 24
0.93859 62 26
0.93953 62 28
0.94101 62 30
0.94149 62 32
0.94222 62 34
0.93794 62 36
0.93920 62 38
0.94148 62 40
0.93464 62 42
0.94070 62 44
0.93992 62 46
0.93981 62 48
0.93856 62 50
0.94101 62 52
0.93839 62 54
0.94163 62 56
0.94090 62 58
0.94080 62 60
0.94030 62 62
0.93923 62 64
0.93883 62 66
0.94054 62 68
0.93925 62 70
0.94077 62 72
0.94086 62 74
0.93852 62 76
0.94048 62 78
0.93880 62 80
0.94080 62 82
0.94020 62 84
0.94097 62 86
0.93983 62 88
0.94196 62 90
0.94110 62 92
0.93944 62 94
0.94022 62 96
0.94051 62 98
0.93982 62 100
0.93972 62 102
0.93913 62 104
0.94048 62 106
0.94049 62 108
0.93678 64 0
0.94025 64 2
0.93867 64 4
0.93732 64 6
0.93714 64 8
0.93969 64 10
0.93893 64 12
0.94008 64 14
0.94052 64 16
0.93988 64 18
0.93988 64 20
0.93840 64 22
0.94103 64 24
0.93921 64 26
0.94137 64 28
0.94011 64 30
0.94025 64 32
0.93906 64 34
0.93997 64 36
0.94143 64 38
0.94111 64 40
0.94145 64 42
0.93788 64 44
0.94051 64 46
0.94076 64 48
0.94039 64 50
0.94165 64 52
0.94114 64 54
0.94006 64 56
0.94008 64 58
0.93906 64 60
0.94102 64 62
0.94007 64 64
0.93970 64 66
0.94060 64 68
0.94021 64 70
0.94062 64 72
0.93899 64 74
0.94053 64 76
0.94020 64 78
0.94096 64 80
0.94094 64 82
0.93906 64 84
0.94047 64 86
0.94060 64 88
0.93907 64 90
0.94021 64 92
0.94052 64 94
0.94086 64 96
0.94064 64 98
0.93894 64 100
0.94099 64 102
0.94069 64 104
0.94055 64 106
0.94011 64 108
0.94018 66 0
0.94089 66 2
0.94137 66 4
0.93682 66 6
0.94156 66 8
0.94137 66 10
0.93991 66 12
0.93930 66 14
0.93924 66 16
0.93920 66 18
0.94120 66 20
0.93954 66 22
0.94094 66 24
0.94018 66 26
0.94246 66 28
0.94004 66 30
0.93831 66 32
0.94135 66 34
0.93988 66 36
0.93875 66 38
0.94024 66 40
0.93945 66 42
0.94017 66 44
0.94000 66 46
0.94070 66 48
0.93667 66 50
0.93808 66 52
0.94031 66 54
0.93925 66 56
0.94015 66 58
0.94255 66 60
0.93916 66 62
0.94102 66 64
0.94091 66 66
0.94007 66 68
0.94184 66 70
0.93924 66 72
0.94048 66 74
0.94117 66 76
0.93949 66 78
0.94048 66 80
0.94074 66 82
0.94117 66 84
0.94064 66 86
0.94054 66 88
0.93994 66 90
0.93992 66 92
0.94067 66 94
0.94004 66 96
0.94102 66 98
0.94121 66 100
0.93994 66 102
0.94037 66 104
0.94079 66 106
0.94040 66 108
0.94428 68 0
0.94050 68 2
0.93776 68 4
0.93791 68 6
0.94074 68 8
0.94041 68 10
0.94301 68 12
0.93914 68 14
0.94136 68 16
0.93710 68 18
0.93950 68 20
0.94105 68 22
0.94017 68 24
0.93969 68 26
0.93853 68 28
0.93789 68 30
0.93728 68 32
0.94137 68 34
0.94008 68 36
0.94000 68 38
0.93975 68 40
0.93839 68 42
0.93878 68 44
0.93823 68 46
0.94211 68 48
0.94286 68 50
0.94054 68 52
0.94066 68 54
0.94061 68 56
0.93958 68 58
0.93978 68 60
0.94047 68 62
0.94070 68 64
0.94039 68 66
0.94133 68 68
0.93980 68 70
0.94076 68 72
0.94113 68 74
0.94037 68 76
0.94084 68 78
0.94095 68 80
0.94057 68 82
0.94092 68 84
0.93902 68 86
0.94027 68 88
0.94145 68 90
0.93984 68 92
0.94101 68 94
0.94025 68 96
0.94045 68 98
0.94063 68 100
0.93995 68 102
0.94042 68 104
0.94019 68 106
0.94055 68 108
0.93922 70 0
0.93890 70 2
0.94007 70 4
0.93422 70 6
0.93715 70 8
0.94102 70 10
0.94011 70 12
0.93772 70 14
0.93572 70 16
0.94029 70 18
0.94063 70 20
0.94137 70 22
0.94069 70 24
0.94093 70 26
0.93887 70 28
0.93913 70 30
0.94009 70 32
0.93987 70 34
0.94030 70 36
0.94066 70 38
0.93992 70 40
0.93873 70 42
0.94031 70 44
0.94025 70 46
0.93974 70 48
0.94044 70 50
0.93806 70 52
0.94093 70 54
0.93816 70 56
0.93936 70 58
0.93824 70 60
0.94008 70 62
0.93892 70 64
0.94123 70 66
0.94009 70 68
0.94122 70 70
0.94005 70 72
0.93923 70 74
0.94047 70 76
0.94093 70 78
0.94085 70 80
0.94111 70 82
0.93946 70 84
0.94017 70 86
0.94091 70 88
0.93907 70 90
0.94093 70 92
0.94073 70 94
0.94067 70 96
0.94163 70 98
0.94038 70 100
0.94026 70 102
0.94121 70 104
0.94150 70 106
0.94041 70 108
0.93876 72 0
0.94199 72 2
0.93837 72 4
0.93694 72 6
0.93746 72 8
0.93732 72 10
0.93960 72 12
0.94043 72 14
0.94091 72 16
0.94027 72 18
0.94111 72 20
0.94006 72 22
0.93956 72 24
0.93897 72 26
0.94194 72 28
0.93848 72 30
0.93894 72 32
0.94235 72 34
0.94086 72 36
0.94077 72 38
0.94051 72 40
0.93704 72 42
0.93796 72 44
0.93838 72 46
0.93896 72 48
0.93982 72 50
0.94074 72 52
0.93898 72 54
0.94046 72 56
0.94097 72 58
0.94049 72 60
0.94050 72 62
0.94043 72 64
0.93985 72 66
0.94073 72 68
0.94067 72 70
0.93956 72 72
0.94055 72 74
0.93992 72 76
0.94103 72 78
0.94025 72 80
0.94081 72 82
0.94037 72 84
0.94094 72 86
0.94029 72 88
0.94053 72 90
0.94049 72 92
0.94050 72 94
0.94012 72 96
0.94083 72 98
0.94118 72 100
0.94042 72 102
0.94170 72 104
0.94033 72 106
0.94084 72 108
0.93734 74 0
0.94072 74 2
0.94091 74 4
0.94082 74 6
0.94067 74 8
0.94202 74 10
0.93839 74 12
0.94192 74 14
0.93800 74 16
0.93943 74 18
0.93870 74 20
0.94013 74 22
0.94097 74 24
0.94026 74 26
0.94212 74 28
0.94160 74 30
0.93966 74 32
0.93894 74 34
0.93897 74 36
0.94021 74 38
0.93800 74 40
0.93919 74 42
0.94048 74 44
0.94061 74 46
0.93835 74 48
0.93992 74 50
0.94060 74 52
0.94058 74 54
0.94046 74 56
0.94131 74 58
0.94088 74 60
0.94025 74 62
0.94016 74 64
0.94067 74 66
0.94089 74 68
0.94008 74 70
0.93998 74 72
0.94073 74 74
0.94090 74 76
0.94083 74 78
0.94118 74 80
0.93989 74 82
0.94038 74 84
0.94059 74 86
0.94087 74 88
0.94121 74 90
0.93976 74 92
0.94012 74 94
0.93955 74 96
0.93979 74 98
0.94054 74 100
0.94136 74 102
0.94010 74 104
0.94024 74 106
0.94082 74 108
0.94392 76 0
0.93853 76 2
0.94086 76 4
0.93904 76 6
0.93923 76 8
0.94049 76 10
0.94090 76 12
0.94063 76 14
0.94119 76 16
0.94086 76 18
0.94023 76 20
0.94049 76 22
0.93842 76 24
0.93798 76 26
0.94057 76 28
0.94023 76 30
0.93826 76 32
0.94096 76 34
0.93961 76 36
0.94042 76 38
0.93956 76 40
0.94057 76 42
0.94006 76 44
0.93968 76 46
0.93965 76 48
0.93988 76 50
0.93907 76 52
0.93962 76 54
0.93960 76 56
0.94142 76 58
0.93951 76 60
0.94052 76 62
0.93905 76 64
0.94058 76 66
0.94004 76 68
0.94008 76 70
0.94069 76 72
0.94028 76 74
0.94010 76 76
0.93969 76 78
0.93983 76 80
0.93996 76 82
0.94041 76 84
0.94132 76 86
0.94010 76 88
0.94089 76 90
0.94044 76 92
0.94022 76 94
0.94074 76 96
0.94005 76 98
0.93938 76 100
0.94003 76 102
0.94010 76 104
0.94099 76 106
0.94060 76 108
0.94250 78 0
0.93968 78 2
0.94062 78 4
0.94159 78 6
0.93922 78 8
0.94159 78 10
0.94043 78 12
0.93921 78 14
0.94058 78 16
0.94062 78 18
0.94031 78 20
0.94048 78 22
0.93919 78 24
0.94115 78 26
0.94148 78 28
0.94004 78 30
0.94218 78 32
0.94155 78 34
0.93921 78 36
0.94035 78 38
0.94101 78 40
0.93991 78 42
0.93877 78 44
0.94047 78 46
0.93941 78 48
0.94203 78 50
0.94021 78 52
0.94052 78 54
0.94027 78 56
0.93908 78 58
0.94110 78 60
0.93982 78 62
0.93828 78 64
0.93989 78 66
0.93828 78 68
0.94037 78 70
0.94001 78 72
0.94147 78 74
0.94088 78 76
0.94120 78 78
0.94075 78 80
0.94087 78 82
0.94085 78 84
0.94075 78 86
0.94074 78 88
0.94138 78 90
0.94128 78 92
0.94057 78 94
0.94040 78 96
0.94024 78 98
0.94106 78 100
0.94135 78 102
0.93940 78 104
0.94047 78 106
0.94072 78 108
0.93980 80 0
0.94154 80 2
0.93906 80 4
0.93880 80 6
0.93998 80 8
0.94067 80 10
0.94127 80 12
0.94141 80 14
0.93878 80 16
0.93819 80 18
0.94177 80 20
0.94194 80 22
0.93938 80 24
0.94165 80 26
0.94006 80 28
0.93860 80 30
0.93960 80 32
0.93962 80 34
0.93836 80 36
0.93830 80 38
0.93947 80 40
0.94032 80 42
0.93954 80 44
0.93818 80 46
0.93983 80 48
0.94062 80 50
0.93927 80 52
0.93947 80 54
0.94193 80 56
0.94018 80 58
0.94122 80 60
0.94152 80 62
0.93989 80 64
0.94069 80 66
0.94042 80 68
0.94031 80 70
0.94119 80 72
0.94022 80 74
0.94058 80 76
0.94147 80 78
0.94008 80 80
0.94086 80 82
0.94006 80 84
0.93987 80 86
0.94077 80 88
0.94005 80 90
0.94005 80 92
0.93981 80 94
0.94055 80 96
0.94019 80 98
0.94060 80 100
0.94173 80 102
0.93999 80 104
0.94058 80 106
0.94031 80 108
0.94043 82 0
0.93996 82 2
0.93775 82 4
0.94028 82 6
0.94116 82 8
0.93910 82 10
0.94084 82 12
0.94123 82 14
0.93979 82 16
0.93844 82 18
0.94164 82 20
0.94097 82 22
0.94089 82 24
0.94004 82 26
0.94022 82 28
0.93903 82 30
0.93968 82 32
0.93946 82 34
0.94038 82 36
0.93996 82 38
0.94087 82 40
0.94028 82 42
0.94027 82 44
0.93969 82 46
0.94213 82 48
0.94139 82 50
0.93823 82 52
0.94080 82 54
0.94047 82 56
0.94029 82 58
0.94180 82 60
0.93985 82 62
0.93979 82 64
0.94123 82 66
0.93994 82 68
0.94067 82 70
0.94029 82 72
0.94029 82 74
0.94102 82 76
0.93998 82 78
0.94039 82 80
0.93970 82 82
0.94071 82 84
0.94165 82 86
0.94062 82 88
0.94096 82 90
0.93972 82 92
0.94027 82 94
0.94107 82 96
0.94088 82 98
0.93913 82 100
0.94134 82 102
0.94021 82 104
0.94050 82 106
0.94087 82 108
0.93820 84 0
0.94113 84 2
0.94070 84 4
0.94054 84 6
0.94082 84 8
0.93998 84 10
0.94145 84 12
0.94153 84 14
0.94009 84 16
0.93802 84 18
0.94079 84 20
0.94106 84 22
0.94025 84 24
0.94037 84 26
0.93861 84 28
0.94160 84 30
0.94018 84 32
0.94096 84 34
0.94036 84 36
0.94241 84 38
0.93950 84 40
0.93999 84 42
0.94078 84 44
0.93840 84 46
0.93880 84 48
0.94171 84 50
0.93966 84 52
0.94108 84 54
0.94053 84 56
0.94076 84 58
0.93901 84 60
0.94170 84 62
0.94076 84 64
0.93891 84 66
0.93875 84 68
0.93960 84 70
0.94045 84 72
0.94098 84 74
0.94064 84 76
0.93990 84 78
0.94034 84 80
0.93880 84 82
0.93998 84 84
0.94106 84 86
0.94104 84 88
0.93966 84 90
0.94086 84 92
0.94035 84 94
0.94053 84 96
0.93998 84 98
0.94177 84 100
0.94038 84 102
0.94024 84 104
0.94108 84 106
0.94126 84 108
0.93754 86 0
0.94074 86 2
0.94107 86 4
0.93976 86 6
0.93869 86 8
0.93735 86 10
0.93992 86 12
0.94259 86 14
0.94120 86 16
0.93999 86 18
0.93941 86 20
0.94100 86 22
0.93977 86 24
0.94017 86 26
0.94038 86 28
0.94031 86 30
0.94079 86 32
0.94035 86 34
0.93943 86 36
0.94047 86 38
0.93975 86 40
0.94014 86 42
0.94114 86 44
0.94133 86 46
0.94054 86 48
0.94085 86 50
0.94019 86 52
0.94002 86 54
0.93793 86 56
0.94069 86 58
0.93934 86 60
0.93959 86 62
0.93821 86 64
0.93976 86 66
0.93923 86 68
0.94090 86 70
0.93972 86 72
0.94027 86 74
0.94037 86 76
0.94073 86 78
0.94131 86 80
0.94130 86 82
0.94035 86 84
0.94053 86 86
0.94038 86 88
0.94002 86 90
0.94081 86 92
0.94139 86 94
0.94161 86 96
0.94029 86 98
0.94006 86 100
0.93991 86 102
0.94149 86 104
0.94082 86 106
0.94075 86 108
0.93894 88 0
0.93964 88 2
0.93994 88 4
0.94099 88 6
0.94112 88 8
0.93897 88 10
0.94046 88 12
0.94295 88 14
0.94055 88 16
0.93977 88 18
0.94023 88 20
0.93940 88 22
0.94125 88 24
0.93870 88 26
0.93954 88 28
0.94013 88 30
0.94055 88 32
0.94049 88 34
0.94083 88 36
0.93907 88 38
0.93900 88 40
0.94030 88 42
0.94067 88 44
0.94087 88 46
0.93995 88 48
0.93961 88 50
0.94178 88 52
0.93979 88 54
0.94085 88 56
0.93990 88 58
0.94132 88 60
0.94022 88 62
0.94157 88 64
0.94065 88 66
0.94042 88 68
0.94023 88 70
0.93998 88 72
0.94023 88 74
0.93983 88 76
0.94099 88 78
0.94071 88 80
0.94071 88 82
0.94098 88 84
0.94105 88 86
0.94080 88 88
0.93970 88 90
0.94027 88 92
0.94110 88 94
0.94004 88 96
0.94079 88 98
0.94015 88 100
0.94142 88 102
0.94047 88 104
0.94119 88 106
0.94060 88 108
0.94146 90 0
0.94063 90 2
0.94142 90 4
0.94094 90 6
0.94217 90 8
0.94053 90 10
0.94022 90 12
0.94092 90 14
0.94104 90 16
0.94097 90 18
0.94022 90 20
0.94062 90 22
0.94041 90 24
0.93939 90 26
0.93995 90 28
0.93982 90 30
0.93993 90 32
0.93995 90 34
0.93910 90 36
0.94149 90 38
0.93898 90 40
0.94128 90 42
0.94025 90 44
0.94032 90 46
0.94062 90 48
0.93982 90 50
0.94045 90 52
0.94095 90 54
0.94057 90 56
0.94061 90 58
0.94156 90 60
0.94050 90 62
0.94093 90 64
0.94063 90 66
0.94097 90 68
0.94118 90 70
0.94046 90 72
0.93980 90 74
0.94040 90 76
0.94023 90 78
0.94042 90 80
0.94065 90 82
0.94092 90 84
0.94056 90 86
0.93983 90 88
0.94048 90 90
0.94144 90 92
0.94025 90 94
0.94122 90 96
0.94096 90 98
0.94083 90 100
0.94048 90 102
0.94111 90 104
0.94049 90 106
0.93961 90 108
0.93501 92 0
0.94059 92 2
0.93845 92 4
0.93794 92 6
0.94073 92 8
0.94034 92 10
0.93976 92 12
0.94157 92 14
0.94042 92 16
0.94113 92 18
0.93920 92 20
0.94015 92 22
0.93927 92 24
0.93851 92 26
0.94022 92 28
0.94105 92 30
0.94135 92 32
0.94065 92 34
0.94040 92 36
0.94045 92 38
0.93960 92 40
0.94114 92 42
0.94058 92 44
0.94144 92 46
0.93921 92 48
0.93983 92 50
0.93960 92 52
0.93979 92 54
0.94015 92 56
0.93920 92 58
0.94037 92 60
0.94060 92 62
0.94005 92 64
0.94019 92 66
0.94125 92 68
0.93978 92 70
0.94113 92 72
0.94068 92 74
0.94099 92 76
0.94080 92 78
0.94106 92 80
0.94096 92 82
0.94043 92 84
0.94062 92 86
0.94039 92 88
0.94125 92 90
0.94082 92 92
0.94051 92 94
0.94066 92 96
0.94069 92 98
0.94069 92 100
0.94041 92 102
0.94080 92 104
0.94008 92 106
0.94036 92 108
0.94384 94 0
0.93987 94 2
0.94069 94 4
0.93969 94 6
0.94072 94 8
0.93987 94 10
0.94007 94 12
0.94150 94 14
0.93993 94 16
0.93998 94 18
0.93996 94 20
0.94095 94 22
0.93958 94 24
0.94033 94 26
0.94045 94 28
0.93992 94 30
0.94029 94 32
0.93946 94 34
0.93924 94 36
0.94111 94 38
0.94078 94 40
0.94062 94 42
0.94083 94 44
0.94001 94 46
0.94025 94 48
0.94036 94 50
0.93966 94 52
0.94044 94 54
0.94075 94 56
0.94093 94 58
0.94041 94 60
0.93897 94 62
0.94030 94 64
0.94058 94 66
0.94115 94 68
0.94065 94 70
0.94052 94 72
0.94149 94 74
0.94057 94 76
0.94047 94 78
0.94063 94 80
0.94053 94 82
0.94030 94 84
0.94085 94 86
0.94053 94 88
0.94080 94 90
0.94077 94 92
0.94142 94 94
0.94083 94 96
0.94107 94 98
0.94134 94 100
0.94026 94 102
0.94038 94 104
0.94022 94 106
0.93982 94 108
0.93868 96 0
0.93950 96 2
0.94072 96 4
0.94010 96 6
0.94045 96 8
0.93987 96 10
0.94089 96 12
0.94086 96 14
0.94054 96 16
0.94124 96 18
0.94057 96 20
0.94012 96 22
0.94014 96 24
0.93956 96 26
0.94014 96 28
0.93946 96 30
0.94088 96 32
0.94055 96 34
0.94073 96 36
0.93968 96 38
0.94035 96 40
0.93961 96 42
0.94136 96 44
0.93987 96 46
0.94101 96 48
0.93975 96 50
0.94153 96 52
0.94055 96 54
0.94005 96 56
0.94159 96 58
0.93906 96 60
0.94060 96 62
0.94048 96 64
0.94008 96 66
0.94033 96 68
0.94084 96 70
0.94062 96 72
0.94051 96 74
0.94080 96 76
0.94037 96 78
0.94020 96 80
0.94061 96 82
0.94064 96 84
0.94075 96 86
0.94119 96 88
0.94061 96 90
0.94059 96 92
0.94085 96 94
0.94044 96 96
0.94071 96 98
0.94110 96 100
0.94068 96 102
0.94022 96 104
0.94072 96 106
0.93966 96 108
0.93866 98 0
0.94007 98 2
0.94084 98 4
0.94055 98 6
0.93894 98 8
0.94029 98 10
0.94180 98 12
0.94106 98 14
0.94072 98 16
0.94019 98 18
0.94040 98 20
0.94084 98 22
0.94087 98 24
0.94000 98 26
0.94123 98 28
0.93924 98 30
0.93900 98 32
0.93909 98 34
0.94166 98 36
0.94042 98 38
0.94020 98 40
0.93940 98 42
0.94160 98 44
0.94138 98 46
0.93937 98 48
0.94081 98 50
0.94079 98 52
0.94018 98 54
0.94003 98 56
0.94082 98 58
0.94029 98 60
0.94062 98 62
0.94148 98 64
0.94129 98 66
0.94086 98 68
0.93972 98 70
0.94056 98 72
0.93972 98 74
0.94022 98 76
0.94087 98 78
0.94074 98 80
0.93947 98 82
0.94048 98 84
0.94087 98 86
0.94005 98 88
0.94149 98 90
0.94088 98 92
0.94110 98 94
0.94076 98 96
0.94054 98 98
0.94062 98 100
0.94094 98 102
0.94113 98 104
0.94044 98 106
0.94084 98 108
0.93063 100 0
0.94104 100 2
0.94157 100 4
0.93920 100 6
0.93879 100 8
0.94028 100 10
0.94017 100 12
0.94014 100 14
0.94080 100 16
0.93830 100 18
0.93942 100 20
0.94215 100 22
0.93878 100 24
0.94064 100 26
0.94069 100 28
0.94077 100 30
0.94046 100 32
0.94028 100 34
0.94039 100 36
0.93934 100 38
0.94024 100 40
0.94065 100 42
0.94067 100 44
0.94009 100 46
0.94091 100 48
0.94071 100 50
0.94205 100 52
0.94116 100 54
0.94061 100 56
0.94051 100 58
0.94119 100 60
0.94036 100 62
0.94070 100 64
0.94011 100 66
0.94026 100 68
0.94078 100 70
0.93989 100 72
0.94082 100 74
0.94047 100 76
0.94103 100 78
0.94013 100 80
0.94117 100 82
0.93998 100 84
0.94059 100 86
0.94023 100 88
0.94003 100 90
0.94070 100 92
0.94010 100 94
0.94098 100 96
0.94036 100 98
0.94094 100 100
0.94055 100 102
0.93966 100 104
0.94055 100 106
0.94047 100 108
0.93893 102 0
0.94088 102 2
0.93986 102 4
0.94045 102 6
0.94027 102 8
0.93967 102 10
0.93889 102 12
0.94016 102 14
0.94152 102 16
0.94064 102 18
0.93897 102 20
0.93961 102 22
0.94011 102 24
0.94091 102 26
0.93924 102 28
0.94102 102 30
0.94034 102 32
0.93975 102 34
0.93969 102 36
0.94077 102 38
0.94145 102 40
0.94009 102 42
0.94067 102 44
0.94073 102 46
0.93860 102 48
0.94027 102 50
0.94081 102 52
0.94089 102 54
0.94042 102 56
0.93999 102 58
0.94041 102 60
0.94032 102 62
0.94042 102 64
0.94055 102 66
0.93977 102 68
0.94009 102 70
0.94020 102 72
0.93989 102 74
0.94128 102 76
0.93983 102 78
0.94028 102 80
0.94081 102 82
0.94043 102 84
0.94028 102 86
0.94118 102 88
0.94041 102 90
0.94132 102 92
0.94080 102 94
0.94040 102 96
0.93976 102 98
0.94082 102 100
0.94066 102 102
0.94059 102 104
0.94047 102 106
0.94072 102 108
0.94203 104 0
0.93978 104 2
0.94078 104 4
0.94107 104 6
0.94138 104 8
0.94057 104 10
0.93947 104 12
0.93984 104 14
0.94026 104 16
0.94142 104 18
0.93993 104 20
0.94075 104 22
0.94023 104 24
0.94096 104 26
0.94007 104 28
0.93965 104 30
0.94073 104 32
0.94054 104 34
0.93912 104 36
0.94104 104 38
0.94010 104 40
0.93983 104 42
0.93869 104 44
0.93983 104 46
0.94123 104 48
0.94005 104 50
0.94072 104 52
0.94040 104 54
0.93959 104 56
0.94084 104 58
0.94087 104 60
0.94135 104 62
0.94010 104 64
0.94107 104 66
0.94060 104 68
0.94062 104 70
0.94018 104 72
0.94022 104 74
0.94049 104 76
0.94004 104 78
0.93997 104 80
0.94181 104 82
0.94065 104 84
0.93963 104 86
0.94064 104 88
0.94062 104 90
0.94022 104 92
0.94112 104 94
0.94055 104 96
0.94021 104 98
0.94011 104 100
0.94019 104 102
0.94062 104 104
0.94072 104 106
0.93990 104 108
0.94272 106 0
0.93898 106 2
0.94115 106 4
0.94041 106 6
0.94080 106 8
0.94034 106 10
0.94027 106 12
0.94142 106 14
0.93849 106 16
0.94288 106 18
0.94125 106 20
0.93945 106 22
0.94044 106 24
0.94098 106 26
0.94066 106 28
0.94109 106 30
0.93976 106 32
0.94022 106 34
0.93993 106 36
0.94083 106 38
0.94045 106 40
0.94037 106 42
0.94131 106 44
0.94077 106 46
0.94038 106 48
0.94022 106 50
0.94100 106 52
0.94140 106 54
0.94109 106 56
0.94062 106 58
0.94030 106 60
0.94130 106 62
0.94057 106 64
0.94036 106 66
0.94061 106 68
0.94052 106 70
0.94035 106 72
0.94072 106 74
0.94065 106 76
0.94026 106 78
0.93987 106 80
0.94038 106 82
0.94049 106 84
0.94120 106 86
0.94094 106 88
0.94008 106 90
0.94086 106 92
0.94001 106 94
0.94111 106 96
0.94072 106 98
0.94081 106 100
0.94044 106 102
0.94055 106 104
0.94055 106 106
0.94076 106 108
0.94121 108 0
0.93998 108 2
0.94064 108 4
0.94000 108 6
0.94127 108 8
0.94032 108 10
0.94136 108 12
0.93994 108 14
0.94029 108 16
0.93939 108 18
0.93906 108 20
0.94061 108 22
0.94024 108 24
0.94071 108 26
0.94081 108 28
0.94069 108 30
0.93956 108 32
0.94097 108 34
0.93948 108 36
0.94026 108 38
0.94017 108 40
0.94105 108 42
0.94142 108 44
0.94033 108 46
0.94085 108 48
0.93984 108 50
0.94073 108 52
0.94064 108 54
0.94087 108 56
0.94118 108 58
0.94058 108 60
0.94091 108 62
0.94021 108 64
0.94057 108 66
0.94094 108 68
0.94069 108 70
0.94058 108 72
0.93963 108 74
0.94028 108 76
0.94081 108 78
0.94100 108 80
0.94082 108 82
0.94088 108 84
0.94064 108 86
0.94059 108 88
0.94085 108 90
0.94029 108 92
0.94068 108 94
0.94076 108 96
0.94009 108 98
0.94079 108 100
0.94012 108 102
0.94044 108 104
0.94021 108 106
0.94132 108 108
