0.96298 1 219
0.95356 2 219
0.94017 3 219
0.95281 4 219
0.95798 5 219
0.95334 6 219
0.93119 7 219
0.93721 8 219
0.94283 9 219
0.95025 10 219
0.95824 11 219
0.94429 12 219
0.95197 13 219
0.94570 14 219
0.92993 15 219
0.94210 16 219
0.95118 17 219
0.93469 18 219
0.93378 19 219
0.93120 20 219
0.92857 21 219
0.94788 22 219
0.93525 23 219
0.93712 24 219
0.94101 25 219
0.94087 26 219
0.93708 27 219
0.93812 28 219
0.94075 29 219
0.93792 30 219
0.94057 31 219
0.93980 32 219
0.94292 33 219
0.94519 34 219
0.94155 35 219
0.94542 36 219
0.94125 37 219
0.94249 38 219
0.93699 39 219
0.94251 40 219
0.94292 41 219
0.94067 42 219
0.93462 43 219
0.93750 44 219
0.93806 45 219
0.94131 46 219
0.94176 47 219
0.94188 48 219
0.93863 49 219
0.93665 50 219
0.94155 51 219
0.94401 52 219
0.94021 53 219
0.93765 54 219
0.93807 55 219
0.94305 56 219
0.94257 57 219
0.93820 58 219
0.93723 59 219
0.94346 60 219
0.94433 61 219
0.93929 62 219
0.93976 63 219
0.93423 64 219
0.93881 65 219
0.94092 66 219
0.93921 67 219
0.93959 68 219
0.93950 69 219
0.94096 70 219
0.94052 71 219
0.94029 72 219
0.94076 73 219
0.93867 74 219
0.93906 75 219
0.94084 76 219
0.94161 77 219
0.94119 78 219
0.94097 79 219
0.94033 80 219
0.94089 81 219
0.93932 82 219
0.93929 83 219
0.93838 84 219
0.94005 85 219
0.93883 86 219
0.93831 87 219
0.93858 88 219
0.94070 89 219
0.94026 90 219
0.93911 91 219
0.93867 92 219
0.94088 93 219
0.94075 94 219
0.94054 95 219
0.93975 96 219
0.94062 97 219
0.94011 98 219
0.94063 99 219
0.94144 100 219
0.93943 101 219
0.94028 102 219
0.94133 103 219
0.94135 104 219
0.94121 105 219
0.94075 106 219
0.94109 107 219
0.93983 108 219
0.94090 109 219
0.93986 110 219
0.94102 111 219
0.93892 112 219
0.93992 113 219
0.93954 114 219
0.93934 115 219
