0.99056 0 0
0.93128 0 2
0.95098 0 4
0.94414 0 6
0.93004 0 8
0.93126 0 10
0.93907 0 12
0.94022 0 14
0.94413 0 16
0.94786 0 18
0.94274 0 20
0.95077 0 22
0.93852 0 24
0.93285 0 26
0.93913 0 28
0.94097 0 30
0.94064 0 32
0.94089 0 34
0.94157 0 36
0.94043 0 38
0.94278 0 40
0.94529 0 42
0.93692 0 44
0.93983 0 46
0.94007 0 48
0.94056 0 50
0.93681 0 52
0.93680 0 54
0.93974 0 56
0.93837 0 58
0.93846 0 60
0.93739 0 62
0.94048 0 64
0.94118 0 66
0.94031 0 68
0.94062 0 70
0.93868 0 72
0.93955 0 74
0.94064 0 76
0.93830 0 78
0.94057 0 80
0.94046 0 82
0.93950 0 84
0.94142 0 86
0.93729 0 88
0.93986 0 90
0.93982 0 92
0.94016 0 94
0.94044 0 96
0.94203 0 98
0.93889 0 100
0.94050 0 102
0.94057 0 104
0.94100 0 106
0.94004 0 108
0.94056 0 110
0.93933 0 112
0.94128 0 114
0.93985 0 116
0.94072 0 118
0.94037 0 120
0.94084 0 122
0.93947 0 124
0.93985 0 126
0.94161 0 128
0.94004 0 130
0.94091 0 132
0.93988 0 134
0.94119 0 136
0.93823 0 138
0.94242 0 140
0.93856 0 142
0.93965 0 144
0.94058 0 146
0.94159 0 148
0.94057 0 150
0.93890 0 152
0.94332 0 154
0.94118 0 156
0.93975 0 158
0.94138 0 160
0.94202 0 162
0.94074 0 164
0.93592 0 166
0.93963 0 168
0.94105 0 170
0.93826 0 172
0.94021 0 174
0.93888 0 176
0.94143 0 178
0.94076 0 180
0.94377 0 182
0.93831 0 184
0.94115 0 186
0.93924 0 188
0.94196 0 190
0.94289 0 192
0.94619 0 194
0.94114 0 196
0.92936 0 198
0.94777 0 200
0.94253 0 202
0.94037 0 204
0.95183 0 206
0.94641 0 208
0.94836 0 210
0.93161 0 212
0.93398 0 214
0.92976 0 216
0.93144 0 218
0.92577 2 0
0.92330 2 2
0.94338 2 4
0.95791 2 6
0.94858 2 8
0.94633 2 10
0.93832 2 12
0.94654 2 14
0.94688 2 16
0.94474 2 18
0.94294 2 20
0.94227 2 22
0.94205 2 24
0.93882 2 26
0.94309 2 28
0.93863 2 30
0.94101 2 32
0.94296 2 34
0.93791 2 36
0.93809 2 38
0.94565 2 40
0.93956 2 42
0.94410 2 44
0.93967 2 46
0.94439 2 48
0.93601 2 50
0.94108 2 52
0.94063 2 54
0.94024 2 56
0.94012 2 58
0.94137 2 60
0.93971 2 62
0.93679 2 64
0.94167 2 66
0.93977 2 68
0.94137 2 70
0.94094 2 72
0.94042 2 74
0.94037 2 76
0.93924 2 78
0.94043 2 80
0.93653 2 82
0.93973 2 84
0.94012 2 86
0.94032 2 88
0.94014 2 90
0.94053 2 92
0.94085 2 94
0.93950 2 96
0.93993 2 98
0.94021 2 100
0.94019 2 102
0.93816 2 104
0.94093 2 106
0.94067 2 108
0.93928 2 110
0.93786 2 112
0.94017 2 114
0.93998 2 116
0.94161 2 118
0.94059 2 120
0.93948 2 122
0.93876 2 124
0.94038 2 126
0.94027 2 128
0.93930 2 130
0.94163 2 132
0.93984 2 134
0.93825 2 136
0.94112 2 138
0.93957 2 140
0.93926 2 142
0.93924 2 144
0.93983 2 146
0.94184 2 148
0.94131 2 150
0.93939 2 152
0.93877 2 154
0.94084 2 156
0.93784 2 158
0.94155 2 160
0.93979 2 162
0.94275 2 164
0.93634 2 166
0.94030 2 168
0.94197 2 170
0.94014 2 172
0.93911 2 174
0.94102 2 176
0.94095 2 178
0.94138 2 180
0.94967 2 182
0.94002 2 184
0.94060 2 186
0.94102 2 188
0.94392 2 190
0.94450 2 192
0.94142 2 194
0.93304 2 196
0.94563 2 198
0.94367 2 200
0.94268 2 202
0.94351 2 204
0.95244 2 206
0.94958 2 208
0.95034 2 210
0.92484 2 212
0.93559 2 214
0.95224 2 216
0.97228 2 218
0.92518 4 0
0.95734 4 2
0.93522 4 4
0.94707 4 6
0.95808 4 8
0.94622 4 10
0.94470 4 12
0.94635 4 14
0.94457 4 16
0.93849 4 18
0.94398 4 20
0.94821 4 22
0.94584 4 24
0.94175 4 26
0.94725 4 28
0.93929 4 30
0.94560 4 32
0.94019 4 34
0.93857 4 36
0.94214 4 38
0.94126 4 40
0.94031 4 42
0.94124 4 44
0.94459 4 46
0.93544 4 48
0.93807 4 50
0.94304 4 52
0.93975 4 54
0.93975 4 56
0.94245 4 58
0.93711 4 60
0.93982 4 62
0.93922 4 64
0.94130 4 66
0.94075 4 68
0.94103 4 70
0.94137 4 72
0.94124 4 74
0.93901 4 76
0.94089 4 78
0.94067 4 80
0.93961 4 82
0.94220 4 84
0.94153 4 86
0.93965 4 88
0.94011 4 90
0.94049 4 92
0.94026 4 94
0.93914 4 96
0.94222 4 98
0.94073 4 100
0.94023 4 102
0.93963 4 104
0.94102 4 106
0.94108 4 108
0.94193 4 110
0.94134 4 112
0.93902 4 114
0.94050 4 116
0.93846 4 118
0.94276 4 120
0.94018 4 122
0.94011 4 124
0.94102 4 126
0.94021 4 128
0.94056 4 130
0.93876 4 132
0.93883 4 134
0.94005 4 136
0.94141 4 138
0.93950 4 140
0.94066 4 142
0.94060 4 144
0.94073 4 146
0.93736 4 148
0.94066 4 150
0.93977 4 152
0.94028 4 154
0.93887 4 156
0.93907 4 158
0.94138 4 160
0.93701 4 162
0.94410 4 164
0.94038 4 166
0.94227 4 168
0.93823 4 170
0.93935 4 172
0.93903 4 174
0.94143 4 176
0.93946 4 178
0.93488 4 180
0.93689 4 182
0.94466 4 184
0.94369 4 186
0.93838 4 188
0.94378 4 190
0.94140 4 192
0.94929 4 194
0.94871 4 196
0.93256 4 198
0.95318 4 200
0.95261 4 202
0.94388 4 204
0.93699 4 206
0.94185 4 208
0.94805 4 210
0.92834 4 212
0.95076 4 214
0.92795 4 216
0.94102 4 218
0.93800 6 0
0.95020 6 2
0.94638 6 4
0.92949 6 6
0.93318 6 8
0.94159 6 10
0.92511 6 12
0.93944 6 14
0.93817 6 16
0.94135 6 18
0.93482 6 20
0.94265 6 22
0.94256 6 24
0.93976 6 26
0.92867 6 28
0.93739 6 30
0.94114 6 32
0.94798 6 34
0.93889 6 36
0.94240 6 38
0.93848 6 40
0.93997 6 42
0.93825 6 44
0.93972 6 46
0.93999 6 48
0.94019 6 50
0.94230 6 52
0.93924 6 54
0.93631 6 56
0.93937 6 58
0.94358 6 60
0.94285 6 62
0.93990 6 64
0.94027 6 66
0.93915 6 68
0.94105 6 70
0.94057 6 72
0.94028 6 74
0.94067 6 76
0.94201 6 78
0.93850 6 80
0.94200 6 82
0.94076 6 84
0.94043 6 86
0.94037 6 88
0.94128 6 90
0.93896 6 92
0.94082 6 94
0.93984 6 96
0.94054 6 98
0.94142 6 100
0.93937 6 102
0.94070 6 104
0.93927 6 106
0.94141 6 108
0.94083 6 110
0.94006 6 112
0.94002 6 114
0.93991 6 116
0.94250 6 118
0.94028 6 120
0.94061 6 122
0.94032 6 124
0.94102 6 126
0.94138 6 128
0.93944 6 130
0.94175 6 132
0.94024 6 134
0.94137 6 136
0.93943 6 138
0.93898 6 140
0.93975 6 142
0.93784 6 144
0.93965 6 146
0.94011 6 148
0.93957 6 150
0.94130 6 152
0.94125 6 154
0.93708 6 156
0.93760 6 158
0.93974 6 160
0.94128 6 162
0.94144 6 164
0.93511 6 166
0.94007 6 168
0.94329 6 170
0.94239 6 172
0.94244 6 174
0.93485 6 176
0.93852 6 178
0.94004 6 180
0.94371 6 182
0.94147 6 184
0.94008 6 186
0.95019 6 188
0.93859 6 190
0.94220 6 192
0.94419 6 194
0.95572 6 196
0.94716 6 198
0.95472 6 200
0.94678 6 202
0.95197 6 204
0.94013 6 206
0.95313 6 208
0.93685 6 210
0.94704 6 212
0.95473 6 214
0.95359 6 216
0.94673 6 218
0.95668 8 0
0.94155 8 2
0.92430 8 4
0.93056 8 6
0.94944 8 8
0.94282 8 10
0.94310 8 12
0.94167 8 14
0.94603 8 16
0.93657 8 18
0.94293 8 20
0.93679 8 22
0.94865 8 24
0.93710 8 26
0.93991 8 28
0.94139 8 30
0.93738 8 32
0.94404 8 34
0.94256 8 36
0.94205 8 38
0.93888 8 40
0.94054 8 42
0.94134 8 44
0.93531 8 46
0.93845 8 48
0.93852 8 50
0.93940 8 52
0.94274 8 54
0.93996 8 56
0.94309 8 58
0.94228 8 60
0.94054 8 62
0.93958 8 64
0.94038 8 66
0.93804 8 68
0.94176 8 70
0.94075 8 72
0.94072 8 74
0.94054 8 76
0.93878 8 78
0.93837 8 80
0.94075 8 82
0.94037 8 84
0.93898 8 86
0.94004 8 88
0.94086 8 90
0.94022 8 92
0.94123 8 94
0.94027 8 96
0.93957 8 98
0.93972 8 100
0.94054 8 102
0.94028 8 104
0.94128 8 106
0.94042 8 108
0.94067 8 110
0.93839 8 112
0.94042 8 114
0.94086 8 116
0.93998 8 118
0.94069 8 120
0.93862 8 122
0.93928 8 124
0.94080 8 126
0.94193 8 128
0.93895 8 130
0.93984 8 132
0.93882 8 134
0.94026 8 136
0.94084 8 138
0.94014 8 140
0.93903 8 142
0.93931 8 144
0.94085 8 146
0.93742 8 148
0.94308 8 150
0.94079 8 152
0.94217 8 154
0.94262 8 156
0.93597 8 158
0.93834 8 160
0.94064 8 162
0.93877 8 164
0.93660 8 166
0.93916 8 168
0.94140 8 170
0.94077 8 172
0.93843 8 174
0.94384 8 176
0.93616 8 178
0.94195 8 180
0.93621 8 182
0.94421 8 184
0.93719 8 186
0.94071 8 188
0.94643 8 190
0.94047 8 192
0.94280 8 194
0.93654 8 196
0.94416 8 198
0.93157 8 200
0.94740 8 202
0.95168 8 204
0.94090 8 206
0.94445 8 208
0.94590 8 210
0.92734 8 212
0.94958 8 214
0.92969 8 216
0.93641 8 218
0.94541 10 0
0.94048 10 2
0.95356 10 4
0.94062 10 6
0.94107 10 8
0.93982 10 10
0.93524 10 12
0.94603 10 14
0.93782 10 16
0.94295 10 18
0.94016 10 20
0.94024 10 22
0.94131 10 24
0.93772 10 26
0.94237 10 28
0.94421 10 30
0.93803 10 32
0.94434 10 34
0.94482 10 36
0.93459 10 38
0.94063 10 40
0.93638 10 42
0.94460 10 44
0.94761 10 46
0.94016 10 48
0.93705 10 50
0.94238 10 52
0.94123 10 54
0.93903 10 56
0.94238 10 58
0.94008 10 60
0.94285 10 62
0.94279 10 64
0.93904 10 66
0.94080 10 68
0.94157 10 70
0.94082 10 72
0.93670 10 74
0.94011 10 76
0.93814 10 78
0.94134 10 80
0.94004 10 82
0.93907 10 84
0.94041 10 86
0.94111 10 88
0.94037 10 90
0.93889 10 92
0.94062 10 94
0.93942 10 96
0.94069 10 98
0.94014 10 100
0.93961 10 102
0.94086 10 104
0.93876 10 106
0.94188 10 108
0.94004 10 110
0.93951 10 112
0.93880 10 114
0.94012 10 116
0.93964 10 118
0.93890 10 120
0.93948 10 122
0.93742 10 124
0.93968 10 126
0.93948 10 128
0.93959 10 130
0.93737 10 132
0.93982 10 134
0.93815 10 136
0.93980 10 138
0.94027 10 140
0.93858 10 142
0.94113 10 144
0.93608 10 146
0.94017 10 148
0.94030 10 150
0.94020 10 152
0.94021 10 154
0.93997 10 156
0.93713 10 158
0.94054 10 160
0.94040 10 162
0.94208 10 164
0.93895 10 166
0.93788 10 168
0.94339 10 170
0.93735 10 172
0.94163 10 174
0.93775 10 176
0.94364 10 178
0.94098 10 180
0.94157 10 182
0.93973 10 184
0.94713 10 186
0.94166 10 188
0.94525 10 190
0.93990 10 192
0.94076 10 194
0.94693 10 196
0.93902 10 198
0.93629 10 200
0.94172 10 202
0.94294 10 204
0.95131 10 206
0.94687 10 208
0.95646 10 210
0.94566 10 212
0.96360 10 214
0.95458 10 216
0.94444 10 218
0.95200 12 0
0.94607 12 2
0.94574 12 4
0.93745 12 6
0.95036 12 8
0.94401 12 10
0.94399 12 12
0.94401 12 14
0.93655 12 16
0.93749 12 18
0.94614 12 20
0.94115 12 22
0.93636 12 24
0.94353 12 26
0.94418 12 28
0.94100 12 30
0.94342 12 32
0.93338 12 34
0.94679 12 36
0.94032 12 38
0.94212 12 40
0.94068 12 42
0.93763 12 44
0.93939 12 46
0.94510 12 48
0.94453 12 50
0.93941 12 52
0.94281 12 54
0.93828 12 56
0.93999 12 58
0.94232 12 60
0.93988 12 62
0.94190 12 64
0.93834 12 66
0.93772 12 68
0.93899 12 70
0.94058 12 72
0.94018 12 74
0.94049 12 76
0.94036 12 78
0.94035 12 80
0.94004 12 82
0.93930 12 84
0.93990 12 86
0.93946 12 88
0.94032 12 90
0.93984 12 92
0.94095 12 94
0.94078 12 96
0.93899 12 98
0.94077 12 100
0.93964 12 102
0.94023 12 104
0.93877 12 106
0.93976 12 108
0.93987 12 110
0.94060 12 112
0.94034 12 114
0.94047 12 116
0.94111 12 118
0.93967 12 120
0.94029 12 122
0.94060 12 124
0.93836 12 126
0.94167 12 128
0.94029 12 130
0.94010 12 132
0.93800 12 134
0.93921 12 136
0.94058 12 138
0.94193 12 140
0.93937 12 142
0.93952 12 144
0.94201 12 146
0.94024 12 148
0.93792 12 150
0.94161 12 152
0.94556 12 154
0.94268 12 156
0.94003 12 158
0.93768 12 160
0.93738 12 162
0.94101 12 164
0.94104 12 166
0.94205 12 168
0.94002 12 170
0.94101 12 172
0.94151 12 174
0.93291 12 176
0.94189 12 178
0.94099 12 180
0.94914 12 182
0.94095 12 184
0.94205 12 186
0.93621 12 188
0.94649 12 190
0.94795 12 192
0.93451 12 194
0.94016 12 196
0.93905 12 198
0.95163 12 200
0.94417 12 202
0.94287 12 204
0.93556 12 206
0.95275 12 208
0.95685 12 210
0.94663 12 212
0.93820 12 214
0.94369 12 216
0.94352 12 218
0.92825 14 0
0.93636 14 2
0.93689 14 4
0.94382 14 6
0.93853 14 8
0.94307 14 10
0.94069 14 12
0.94508 14 14
0.94420 14 16
0.94004 14 18
0.93743 14 20
0.94150 14 22
0.93698 14 24
0.94004 14 26
0.94529 14 28
0.94089 14 30
0.94053 14 32
0.93936 14 34
0.93999 14 36
0.93914 14 38
0.94096 14 40
0.93833 14 42
0.93988 14 44
0.93842 14 46
0.94095 14 48
0.93954 14 50
0.93919 14 52
0.93718 14 54
0.94077 14 56
0.94023 14 58
0.94235 14 60
0.94173 14 62
0.93934 14 64
0.93778 14 66
0.93947 14 68
0.94106 14 70
0.94074 14 72
0.94048 14 74
0.93794 14 76
0.93995 14 78
0.94131 14 80
0.93934 14 82
0.93875 14 84
0.94083 14 86
0.94064 14 88
0.94038 14 90
0.94029 14 92
0.93968 14 94
0.94096 14 96
0.93956 14 98
0.94091 14 100
0.94042 14 102
0.94100 14 104
0.94040 14 106
0.94214 14 108
0.94005 14 110
0.94081 14 112
0.94060 14 114
0.94124 14 116
0.94029 14 118
0.94013 14 120
0.94079 14 122
0.94090 14 124
0.94164 14 126
0.94045 14 128
0.93997 14 130
0.94004 14 132
0.94036 14 134
0.94247 14 136
0.93998 14 138
0.94159 14 140
0.93933 14 142
0.94149 14 144
0.94027 14 146
0.93834 14 148
0.93999 14 150
0.93958 14 152
0.94021 14 154
0.94268 14 156
0.94020 14 158
0.94148 14 160
0.94040 14 162
0.94150 14 164
0.94080 14 166
0.94096 14 168
0.93957 14 170
0.94020 14 172
0.94106 14 174
0.93828 14 176
0.93787 14 178
0.93955 14 180
0.94398 14 182
0.94138 14 184
0.93864 14 186
0.94237 14 188
0.94512 14 190
0.94994 14 192
0.93355 14 194
0.94120 14 196
0.94296 14 198
0.94017 14 200
0.94023 14 202
0.94853 14 204
0.93373 14 206
0.96035 14 208
0.94330 14 210
0.93784 14 212
0.94087 14 214
0.93609 14 216
0.94386 14 218
0.93726 16 0
0.94280 16 2
0.93855 16 4
0.93763 16 6
0.93317 16 8
0.95473 16 10
0.93225 16 12
0.94125 16 14
0.94373 16 16
0.93969 16 18
0.94121 16 20
0.94135 16 22
0.94280 16 24
0.94277 16 26
0.94117 16 28
0.93754 16 30
0.94164 16 32
0.94455 16 34
0.93954 16 36
0.93686 16 38
0.93733 16 40
0.93748 16 42
0.94203 16 44
0.93996 16 46
0.94016 16 48
0.93951 16 50
0.94305 16 52
0.93877 16 54
0.94172 16 56
0.93921 16 58
0.93986 16 60
0.93919 16 62
0.93553 16 64
0.93823 16 66
0.94032 16 68
0.94245 16 70
0.94107 16 72
0.93862 16 74
0.93949 16 76
0.93892 16 78
0.93952 16 80
0.94012 16 82
0.94066 16 84
0.93935 16 86
0.94066 16 88
0.94021 16 90
0.94038 16 92
0.94024 16 94
0.94015 16 96
0.94070 16 98
0.93989 16 100
0.94066 16 102
0.94150 16 104
0.93967 16 106
0.94081 16 108
0.94119 16 110
0.94008 16 112
0.94145 16 114
0.93978 16 116
0.94199 16 118
0.93986 16 120
0.94089 16 122
0.94049 16 124
0.93793 16 126
0.94081 16 128
0.94032 16 130
0.93956 16 132
0.94107 16 134
0.94101 16 136
0.94041 16 138
0.94098 16 140
0.94064 16 142
0.94133 16 144
0.93615 16 146
0.93975 16 148
0.94000 16 150
0.94173 16 152
0.93782 16 154
0.93830 16 156
0.94237 16 158
0.93813 16 160
0.94248 16 162
0.94287 16 164
0.94126 16 166
0.93929 16 168
0.94471 16 170
0.94042 16 172
0.94009 16 174
0.94075 16 176
0.93869 16 178
0.94054 16 180
0.94261 16 182
0.93864 16 184
0.93901 16 186
0.93940 16 188
0.94217 16 190
0.94065 16 192
0.94134 16 194
0.93891 16 196
0.93014 16 198
0.93398 16 200
0.94151 16 202
0.95080 16 204
0.94299 16 206
0.94771 16 208
0.93922 16 210
0.94366 16 212
0.93965 16 214
0.94480 16 216
0.95610 16 218
0.95461 18 0
0.94130 18 2
0.93779 18 4
0.93952 18 6
0.93350 18 8
0.93779 18 10
0.95001 18 12
0.92496 18 14
0.94139 18 16
0.94312 18 18
0.94201 18 20
0.94321 18 22
0.94030 18 24
0.94144 18 26
0.93785 18 28
0.93340 18 30
0.93959 18 32
0.93992 18 34
0.94210 18 36
0.93972 18 38
0.93864 18 40
0.94074 18 42
0.94203 18 44
0.94159 18 46
0.94007 18 48
0.93784 18 50
0.94137 18 52
0.93672 18 54
0.94029 18 56
0.94116 18 58
0.94117 18 60
0.94072 18 62
0.93939 18 64
0.94009 18 66
0.93995 18 68
0.94080 18 70
0.94000 18 72
0.94028 18 74
0.93993 18 76
0.94139 18 78
0.94061 18 80
0.94046 18 82
0.94078 18 84
0.94106 18 86
0.94118 18 88
0.94065 18 90
0.94203 18 92
0.94080 18 94
0.94128 18 96
0.93881 18 98
0.94036 18 100
0.94123 18 102
0.94102 18 104
0.94021 18 106
0.94145 18 108
0.94023 18 110
0.93928 18 112
0.94030 18 114
0.93953 18 116
0.94152 18 118
0.94182 18 120
0.94058 18 122
0.93783 18 124
0.94248 18 126
0.94076 18 128
0.94004 18 130
0.94010 18 132
0.93965 18 134
0.94025 18 136
0.93885 18 138
0.94135 18 140
0.94183 18 142
0.93954 18 144
0.94099 18 146
0.93843 18 148
0.94147 18 150
0.94061 18 152
0.94236 18 154
0.93816 18 156
0.93916 18 158
0.93821 18 160
0.94017 18 162
0.94083 18 164
0.93780 18 166
0.93940 18 168
0.94173 18 170
0.93934 18 172
0.93853 18 174
0.93964 18 176
0.93898 18 178
0.94091 18 180
0.94282 18 182
0.94090 18 184
0.94183 18 186
0.94187 18 188
0.93869 18 190
0.94131 18 192
0.94408 18 194
0.94341 18 196
0.94663 18 198
0.94310 18 200
0.94565 18 202
0.94124 18 204
0.92851 18 206
0.94098 18 208
0.94797 18 210
0.95557 18 212
0.93055 18 214
0.94223 18 216
0.93572 18 218
0.94371 20 0
0.94394 20 2
0.94951 20 4
0.93300 20 6
0.94977 20 8
0.93647 20 10
0.93632 20 12
0.94838 20 14
0.94617 20 16
0.94387 20 18
0.93514 20 20
0.93798 20 22
0.94342 20 24
0.93962 20 26
0.93868 20 28
0.94015 20 30
0.93588 20 32
0.94010 20 34
0.94497 20 36
0.93563 20 38
0.94132 20 40
0.94180 20 42
0.93683 20 44
0.94058 20 46
0.93900 20 48
0.94268 20 50
0.94080 20 52
0.94000 20 54
0.93757 20 56
0.93816 20 58
0.94054 20 60
0.94133 20 62
0.93791 20 64
0.93918 20 66
0.93982 20 68
0.94094 20 70
0.94047 20 72
0.93967 20 74
0.94102 20 76
0.93985 20 78
0.94041 20 80
0.93950 20 82
0.94131 20 84
0.94053 20 86
0.94106 20 88
0.94032 20 90
0.93853 20 92
0.94072 20 94
0.93775 20 96
0.93969 20 98
0.94018 20 100
0.94136 20 102
0.93978 20 104
0.94008 20 106
0.94128 20 108
0.94159 20 110
0.93990 20 112
0.93854 20 114
0.93917 20 116
0.94047 20 118
0.93984 20 120
0.94007 20 122
0.94092 20 124
0.94074 20 126
0.93808 20 128
0.94020 20 130
0.94002 20 132
0.94012 20 134
0.93960 20 136
0.93999 20 138
0.94053 20 140
0.93892 20 142
0.94042 20 144
0.94222 20 146
0.93804 20 148
0.93904 20 150
0.94077 20 152
0.93765 20 154
0.93914 20 156
0.93929 20 158
0.94145 20 160
0.93806 20 162
0.94299 20 164
0.93819 20 166
0.93735 20 168
0.93788 20 170
0.93816 20 172
0.94038 20 174
0.94141 20 176
0.94549 20 178
0.94081 20 180
0.94386 20 182
0.94582 20 184
0.94143 20 186
0.94668 20 188
0.93844 20 190
0.94554 20 192
0.93747 20 194
0.93928 20 196
0.93949 20 198
0.94366 20 200
0.94493 20 202
0.92882 20 204
0.94216 20 206
0.93896 20 208
0.93612 20 210
0.94693 20 212
0.94799 20 214
0.94354 20 216
0.93290 20 218
0.94579 22 0
0.93816 22 2
0.93281 22 4
0.94047 22 6
0.93996 22 8
0.94282 22 10
0.93941 22 12
0.94187 22 14
0.93514 22 16
0.93983 22 18
0.94695 22 20
0.93247 22 22
0.94005 22 24
0.94310 22 26
0.94173 22 28
0.93894 22 30
0.94234 22 32
0.94192 22 34
0.94179 22 36
0.94123 22 38
0.94377 22 40
0.93682 22 42
0.94109 22 44
0.94037 22 46
0.94219 22 48
0.94142 22 50
0.93871 22 52
0.93900 22 54
0.94055 22 56
0.93996 22 58
0.94098 22 60
0.93614 22 62
0.93973 22 64
0.94069 22 66
0.93855 22 68
0.93776 22 70
0.93741 22 72
0.93902 22 74
0.94056 22 76
0.94115 22 78
0.93886 22 80
0.94084 22 82
0.94076 22 84
0.94006 22 86
0.94083 22 88
0.94103 22 90
0.94043 22 92
0.94071 22 94
0.94077 22 96
0.94152 22 98
0.94021 22 100
0.94104 22 102
0.93975 22 104
0.93974 22 106
0.93961 22 108
0.93990 22 110
0.93997 22 112
0.94007 22 114
0.93892 22 116
0.94021 22 118
0.93944 22 120
0.94070 22 122
0.94078 22 124
0.94021 22 126
0.94091 22 128
0.94109 22 130
0.94027 22 132
0.94014 22 134
0.94015 22 136
0.94018 22 138
0.94088 22 140
0.94040 22 142
0.94135 22 144
0.94051 22 146
0.94048 22 148
0.93976 22 150
0.93982 22 152
0.94038 22 154
0.93916 22 156
0.93679 22 158
0.94004 22 160
0.94098 22 162
0.93619 22 164
0.93993 22 166
0.94294 22 168
0.94020 22 170
0.93953 22 172
0.94048 22 174
0.93862 22 176
0.94270 22 178
0.93600 22 180
0.93765 22 182
0.94060 22 184
0.94134 22 186
0.94049 22 188
0.93900 22 190
0.93438 22 192
0.93905 22 194
0.94320 22 196
0.94404 22 198
0.94074 22 200
0.94706 22 202
0.93817 22 204
0.94641 22 206
0.93463 22 208
0.93789 22 210
0.93408 22 212
0.93622 22 214
0.94133 22 216
0.93354 22 218
0.93406 24 0
0.94507 24 2
0.94671 24 4
0.93885 24 6
0.94171 24 8
0.93891 24 10
0.95066 24 12
0.93746 24 14
0.94030 24 16
0.93627 24 18
0.94092 24 20
0.93850 24 22
0.93822 24 24
0.94395 24 26
0.93263 24 28
0.93779 24 30
0.93807 24 32
0.94004 24 34
0.93709 24 36
0.93769 24 38
0.94464 24 40
0.93943 24 42
0.94492 24 44
0.93677 24 46
0.93500 24 48
0.94212 24 50
0.93921 24 52
0.94011 24 54
0.93996 24 56
0.93882 24 58
0.94031 24 60
0.93872 24 62
0.94131 24 64
0.94047 24 66
0.94051 24 68
0.94099 24 70
0.93938 24 72
0.93965 24 74
0.94099 24 76
0.94189 24 78
0.94134 24 80
0.94043 24 82
0.93932 24 84
0.93823 24 86
0.93998 24 88
0.94104 24 90
0.94017 24 92
0.94013 24 94
0.94079 24 96
0.94038 24 98
0.93981 24 100
0.94086 24 102
0.94131 24 104
0.93963 24 106
0.94056 24 108
0.93955 24 110
0.94101 24 112
0.94121 24 114
0.94126 24 116
0.93905 24 118
0.93973 24 120
0.93921 24 122
0.94111 24 124
0.93997 24 126
0.94201 24 128
0.94009 24 130
0.94159 24 132
0.93851 24 134
0.94131 24 136
0.93971 24 138
0.93907 24 140
0.94040 24 142
0.93995 24 144
0.93990 24 146
0.94156 24 148
0.94335 24 150
0.94165 24 152
0.94057 24 154
0.93727 24 156
0.93818 24 158
0.94103 24 160
0.93946 24 162
0.93913 24 164
0.94218 24 166
0.93981 24 168
0.94094 24 170
0.94434 24 172
0.93775 24 174
0.94226 24 176
0.94256 24 178
0.93786 24 180
0.94373 24 182
0.93929 24 184
0.94017 24 186
0.94279 24 188
0.93859 24 190
0.92662 24 192
0.94719 24 194
0.94314 24 196
0.94037 24 198
0.92737 24 200
0.93676 24 202
0.94776 24 204
0.94318 24 206
0.94060 24 208
0.94004 24 210
0.94806 24 212
0.94082 24 214
0.93810 24 216
0.93816 24 218
0.92780 26 0
0.94457 26 2
0.94201 26 4
0.93665 26 6
0.94697 26 8
0.93694 26 10
0.94146 26 12
0.94212 26 14
0.94243 26 16
0.93877 26 18
0.94034 26 20
0.93472 26 22
0.94291 26 24
0.93856 26 26
0.94040 26 28
0.94173 26 30
0.93857 26 32
0.93580 26 34
0.94171 26 36
0.94183 26 38
0.94341 26 40
0.93644 26 42
0.93660 26 44
0.94301 26 46
0.93680 26 48
0.93705 26 50
0.94170 26 52
0.93835 26 54
0.94108 26 56
0.93970 26 58
0.94060 26 60
0.93988 26 62
0.93856 26 64
0.94006 26 66
0.93758 26 68
0.94034 26 70
0.94215 26 72
0.93804 26 74
0.93868 26 76
0.94095 26 78
0.94119 26 80
0.94134 26 82
0.94095 26 84
0.93871 26 86
0.94089 26 88
0.93950 26 90
0.94109 26 92
0.93977 26 94
0.94147 26 96
0.93979 26 98
0.93905 26 100
0.94055 26 102
0.94209 26 104
0.93823 26 106
0.93998 26 108
0.93988 26 110
0.94078 26 112
0.94106 26 114
0.94033 26 116
0.94049 26 118
0.94115 26 120
0.94003 26 122
0.94028 26 124
0.94031 26 126
0.93992 26 128
0.94014 26 130
0.94097 26 132
0.94202 26 134
0.94034 26 136
0.94109 26 138
0.93943 26 140
0.93921 26 142
0.94072 26 144
0.94123 26 146
0.93999 26 148
0.93777 26 150
0.94021 26 152
0.94034 26 154
0.94069 26 156
0.93963 26 158
0.93861 26 160
0.93929 26 162
0.93965 26 164
0.93967 26 166
0.94067 26 168
0.93859 26 170
0.94073 26 172
0.93985 26 174
0.94046 26 176
0.94003 26 178
0.94463 26 180
0.93957 26 182
0.93873 26 184
0.93568 26 186
0.94539 26 188
0.93385 26 190
0.94831 26 192
0.94202 26 194
0.93953 26 196
0.93700 26 198
0.94015 26 200
0.93196 26 202
0.93271 26 204
0.93969 26 206
0.93477 26 208
0.94624 26 210
0.93540 26 212
0.94042 26 214
0.94045 26 216
0.93631 26 218
0.93725 28 0
0.93415 28 2
0.92582 28 4
0.93605 28 6
0.93913 28 8
0.94140 28 10
0.94068 28 12
0.94417 28 14
0.93674 28 16
0.93999 28 18
0.94624 28 20
0.94161 28 22
0.94173 28 24
0.94150 28 26
0.93939 28 28
0.94109 28 30
0.94032 28 32
0.93995 28 34
0.94194 28 36
0.94084 28 38
0.93889 28 40
0.94432 28 42
0.93952 28 44
0.93688 28 46
0.93981 28 48
0.93721 28 50
0.94002 28 52
0.94048 28 54
0.93992 28 56
0.93914 28 58
0.93954 28 60
0.94155 28 62
0.93681 28 64
0.94052 28 66
0.93905 28 68
0.94009 28 70
0.94020 28 72
0.94051 28 74
0.93963 28 76
0.93825 28 78
0.93849 28 80
0.93969 28 82
0.94043 28 84
0.93942 28 86
0.93884 28 88
0.93953 28 90
0.93994 28 92
0.94103 28 94
0.94013 28 96
0.94022 28 98
0.93877 28 100
0.94018 28 102
0.94036 28 104
0.94014 28 106
0.94026 28 108
0.93908 28 110
0.94081 28 112
0.93983 28 114
0.94007 28 116
0.94057 28 118
0.94056 28 120
0.93998 28 122
0.93928 28 124
0.93905 28 126
0.93989 28 128
0.94038 28 130
0.94156 28 132
0.94047 28 134
0.94057 28 136
0.93772 28 138
0.94084 28 140
0.93987 28 142
0.93967 28 144
0.94125 28 146
0.94075 28 148
0.94199 28 150
0.94129 28 152
0.93885 28 154
0.93941 28 156
0.93926 28 158
0.94137 28 160
0.93922 28 162
0.93873 28 164
0.93986 28 166
0.93985 28 168
0.94018 28 170
0.94016 28 172
0.94290 28 174
0.94396 28 176
0.93752 28 178
0.94096 28 180
0.94475 28 182
0.94181 28 184
0.93276 28 186
0.93973 28 188
0.94671 28 190
0.93858 28 192
0.94785 28 194
0.94132 28 196
0.93757 28 198
0.93720 28 200
0.94380 28 202
0.93816 28 204
0.94076 28 206
0.94391 28 208
0.93864 28 210
0.93703 28 212
0.95210 28 214
0.94149 28 216
0.94641 28 218
0.93852 30 0
0.93782 30 2
0.93673 30 4
0.94069 30 6
0.93819 30 8
0.94333 30 10
0.94089 30 12
0.93520 30 14
0.93909 30 16
0.94530 30 18
0.94070 30 20
0.93750 30 22
0.93868 30 24
0.93854 30 26
0.94155 30 28
0.94076 30 30
0.93843 30 32
0.94080 30 34
0.93925 30 36
0.93928 30 38
0.94034 30 40
0.93814 30 42
0.94006 30 44
0.94065 30 46
0.94080 30 48
0.93995 30 50
0.94104 30 52
0.93928 30 54
0.94012 30 56
0.93843 30 58
0.94166 30 60
0.94076 30 62
0.94088 30 64
0.93938 30 66
0.93962 30 68
0.93905 30 70
0.93957 30 72
0.93999 30 74
0.94143 30 76
0.94127 30 78
0.93837 30 80
0.93847 30 82
0.93983 30 84
0.93949 30 86
0.94005 30 88
0.94023 30 90
0.94069 30 92
0.94057 30 94
0.93938 30 96
0.94020 30 98
0.94044 30 100
0.94076 30 102
0.94129 30 104
0.94036 30 106
0.94092 30 108
0.93942 30 110
0.94016 30 112
0.94078 30 114
0.93981 30 116
0.93983 30 118
0.94011 30 120
0.94007 30 122
0.93962 30 124
0.94078 30 126
0.94010 30 128
0.94059 30 130
0.94124 30 132
0.94112 30 134
0.94075 30 136
0.93898 30 138
0.94030 30 140
0.94088 30 142
0.94121 30 144
0.93904 30 146
0.93998 30 148
0.94187 30 150
0.94012 30 152
0.94004 30 154
0.93678 30 156
0.93998 30 158
0.94125 30 160
0.94078 30 162
0.94316 30 164
0.94121 30 166
0.93758 30 168
0.94090 30 170
0.94670 30 172
0.94114 30 174
0.94338 30 176
0.93415 30 178
0.94010 30 180
0.93934 30 182
0.94334 30 184
0.93355 30 186
0.93403 30 188
0.93337 30 190
0.94136 30 192
0.93579 30 194
0.93842 30 196
0.92832 30 198
0.94056 30 200
0.93590 30 202
0.94797 30 204
0.94134 30 206
0.94168 30 208
0.94050 30 210
0.93542 30 212
0.93848 30 214
0.93687 30 216
0.93791 30 218
0.93841 32 0
0.93830 32 2
0.94289 32 4
0.93981 32 6
0.94054 32 8
0.93347 32 10
0.93551 32 12
0.94322 32 14
0.94271 32 16
0.94034 32 18
0.93991 32 20
0.94149 32 22
0.93697 32 24
0.94103 32 26
0.94410 32 28
0.94252 32 30
0.93882 32 32
0.94038 32 34
0.94052 32 36
0.94068 32 38
0.94087 32 40
0.93833 32 42
0.93824 32 44
0.93873 32 46
0.93923 32 48
0.93842 32 50
0.93846 32 52
0.93913 32 54
0.93776 32 56
0.94004 32 58
0.94132 32 60
0.94116 32 62
0.93872 32 64
0.94077 32 66
0.94084 32 68
0.93968 32 70
0.93873 32 72
0.94112 32 74
0.93840 32 76
0.94056 32 78
0.94101 32 80
0.93880 32 82
0.94020 32 84
0.93964 32 86
0.94046 32 88
0.93982 32 90
0.94213 32 92
0.94020 32 94
0.94016 32 96
0.94044 32 98
0.94076 32 100
0.94003 32 102
0.94129 32 104
0.94013 32 106
0.94027 32 108
0.94007 32 110
0.93985 32 112
0.94145 32 114
0.93893 32 116
0.94110 32 118
0.94095 32 120
0.94091 32 122
0.94000 32 124
0.94046 32 126
0.94116 32 128
0.94139 32 130
0.93960 32 132
0.93971 32 134
0.94034 32 136
0.94117 32 138
0.94149 32 140
0.94077 32 142
0.94155 32 144
0.93941 32 146
0.94066 32 148
0.93868 32 150
0.94090 32 152
0.93858 32 154
0.94069 32 156
0.94097 32 158
0.94138 32 160
0.93725 32 162
0.93781 32 164
0.94067 32 166
0.93858 32 168
0.94236 32 170
0.93958 32 172
0.93949 32 174
0.94063 32 176
0.94259 32 178
0.93541 32 180
0.94098 32 182
0.94026 32 184
0.93395 32 186
0.94290 32 188
0.94028 32 190
0.94013 32 192
0.93987 32 194
0.93482 32 196
0.94846 32 198
0.93846 32 200
0.94119 32 202
0.93693 32 204
0.93847 32 206
0.93484 32 208
0.94212 32 210
0.93095 32 212
0.94087 32 214
0.93895 32 216
0.94588 32 218
0.93403 34 0
0.93737 34 2
0.93933 34 4
0.94140 34 6
0.93975 34 8
0.93999 34 10
0.93447 34 12
0.94360 34 14
0.94212 34 16
0.94227 34 18
0.93683 34 20
0.94059 34 22
0.93932 34 24
0.93623 34 26
0.93873 34 28
0.93761 34 30
0.94267 34 32
0.93914 34 34
0.94445 34 36
0.93885 34 38
0.94165 34 40
0.93878 34 42
0.94356 34 44
0.93804 34 46
0.93628 34 48
0.93727 34 50
0.93839 34 52
0.94021 34 54
0.94154 34 56
0.93927 34 58
0.94019 34 60
0.93923 34 62
0.94210 34 64
0.94094 34 66
0.93823 34 68
0.93831 34 70
0.93702 34 72
0.94097 34 74
0.93985 34 76
0.93811 34 78
0.94062 34 80
0.93916 34 82
0.94094 34 84
0.94016 34 86
0.94024 34 88
0.94131 34 90
0.93988 34 92
0.94050 34 94
0.93971 34 96
0.94066 34 98
0.94060 34 100
0.94057 34 102
0.94018 34 104
0.94078 34 106
0.93993 34 108
0.94134 34 110
0.94025 34 112
0.94001 34 114
0.93968 34 116
0.94054 34 118
0.94046 34 120
0.94043 34 122
0.94011 34 124
0.93990 34 126
0.93985 34 128
0.93974 34 130
0.94112 34 132
0.93995 34 134
0.93954 34 136
0.94041 34 138
0.93929 34 140
0.94082 34 142
0.94088 34 144
0.94064 34 146
0.93939 34 148
0.94100 34 150
0.93988 34 152
0.94053 34 154
0.93943 34 156
0.93841 34 158
0.93943 34 160
0.93987 34 162
0.93749 34 164
0.94190 34 166
0.94001 34 168
0.93820 34 170
0.94072 34 172
0.94120 34 174
0.94117 34 176
0.94093 34 178
0.94038 34 180
0.94070 34 182
0.93425 34 184
0.94087 34 186
0.94034 34 188
0.94170 34 190
0.93582 34 192
0.94609 34 194
0.94237 34 196
0.93721 34 198
0.94029 34 200
0.94208 34 202
0.93968 34 204
0.93999 34 206
0.94281 34 208
0.93948 34 210
0.93807 34 212
0.93936 34 214
0.93586 34 216
0.93910 34 218
0.93952 36 0
0.93690 36 2
0.93780 36 4
0.93334 36 6
0.93804 36 8
0.94426 36 10
0.94219 36 12
0.93556 36 14
0.93671 36 16
0.94420 36 18
0.94090 36 20
0.94073 36 22
0.94212 36 24
0.94240 36 26
0.93960 36 28
0.93621 36 30
0.94079 36 32
0.94083 36 34
0.93949 36 36
0.94214 36 38
0.93273 36 40
0.93966 36 42
0.94177 36 44
0.94042 36 46
0.93914 36 48
0.93684 36 50
0.94082 36 52
0.93955 36 54
0.93997 36 56
0.93908 36 58
0.93846 36 60
0.93860 36 62
0.93873 36 64
0.93931 36 66
0.94087 36 68
0.93923 36 70
0.93805 36 72
0.93854 36 74
0.94008 36 76
0.94093 36 78
0.94090 36 80
0.93997 36 82
0.94008 36 84
0.93973 36 86
0.94056 36 88
0.94044 36 90
0.93972 36 92
0.94099 36 94
0.94135 36 96
0.94004 36 98
0.94075 36 100
0.94075 36 102
0.93969 36 104
0.94093 36 106
0.93966 36 108
0.94068 36 110
0.94021 36 112
0.93872 36 114
0.94090 36 116
0.94049 36 118
0.94116 36 120
0.93920 36 122
0.94135 36 124
0.93952 36 126
0.94015 36 128
0.93985 36 130
0.94012 36 132
0.94151 36 134
0.94035 36 136
0.93985 36 138
0.94086 36 140
0.93939 36 142
0.94102 36 144
0.93986 36 146
0.93987 36 148
0.93976 36 150
0.94167 36 152
0.94018 36 154
0.93955 36 156
0.93850 36 158
0.94071 36 160
0.93882 36 162
0.93908 36 164
0.93816 36 166
0.93918 36 168
0.94195 36 170
0.93855 36 172
0.94151 36 174
0.93801 36 176
0.93787 36 178
0.94038 36 180
0.93900 36 182
0.94150 36 184
0.93997 36 186
0.93997 36 188
0.94107 36 190
0.94724 36 192
0.94020 36 194
0.94031 36 196
0.94089 36 198
0.93723 36 200
0.93039 36 202
0.93886 36 204
0.93715 36 206
0.93897 36 208
0.93860 36 210
0.93882 36 212
0.94095 36 214
0.94291 36 216
0.94061 36 218
0.94159 38 0
0.94105 38 2
0.94028 38 4
0.94104 38 6
0.93641 38 8
0.93701 38 10
0.93826 38 12
0.93763 38 14
0.94478 38 16
0.94177 38 18
0.94019 38 20
0.94050 38 22
0.93733 38 24
0.93902 38 26
0.93906 38 28
0.94002 38 30
0.94041 38 32
0.93793 38 34
0.94059 38 36
0.93568 38 38
0.93252 38 40
0.94038 38 42
0.94131 38 44
0.93774 38 46
0.94162 38 48
0.94309 38 50
0.93953 38 52
0.93877 38 54
0.93550 38 56
0.93690 38 58
0.94043 38 60
0.93743 38 62
0.93973 38 64
0.93832 38 66
0.94028 38 68
0.93839 38 70
0.94014 38 72
0.93866 38 74
0.93897 38 76
0.94078 38 78
0.93953 38 80
0.94110 38 82
0.94118 38 84
0.94074 38 86
0.94092 38 88
0.93967 38 90
0.94063 38 92
0.93886 38 94
0.94094 38 96
0.94002 38 98
0.94063 38 100
0.94172 38 102
0.94020 38 104
0.94018 38 106
0.94056 38 108
0.94001 38 110
0.93995 38 112
0.94097 38 114
0.93999 38 116
0.93991 38 118
0.93897 38 120
0.93909 38 122
0.93991 38 124
0.94080 38 126
0.94022 38 128
0.94053 38 130
0.94053 38 132
0.94064 38 134
0.94122 38 136
0.94043 38 138
0.93968 38 140
0.94030 38 142
0.94113 38 144
0.94073 38 146
0.94041 38 148
0.93931 38 150
0.93995 38 152
0.93984 38 154
0.94134 38 156
0.94038 38 158
0.94019 38 160
0.94012 38 162
0.94097 38 164
0.93943 38 166
0.93946 38 168
0.93908 38 170
0.94184 38 172
0.94276 38 174
0.94261 38 176
0.93769 38 178
0.93954 38 180
0.94122 38 182
0.94159 38 184
0.93932 38 186
0.93865 38 188
0.94149 38 190
0.94214 38 192
0.93839 38 194
0.94513 38 196
0.93927 38 198
0.93408 38 200
0.93687 38 202
0.93453 38 204
0.94178 38 206
0.93727 38 208
0.94082 38 210
0.93832 38 212
0.94331 38 214
0.94024 38 216
0.93771 38 218
0.94368 40 0
0.93840 40 2
0.93980 40 4
0.93840 40 6
0.93958 40 8
0.93869 40 10
0.93779 40 12
0.93920 40 14
0.94181 40 16
0.94608 40 18
0.93248 40 20
0.93896 40 22
0.93461 40 24
0.93730 40 26
0.94230 40 28
0.93839 40 30
0.94008 40 32
0.93980 40 34
0.94082 40 36
0.93615 40 38
0.94082 40 40
0.94040 40 42
0.94018 40 44
0.94334 40 46
0.94110 40 48
0.94008 40 50
0.93914 40 52
0.93817 40 54
0.93876 40 56
0.93938 40 58
0.93837 40 60
0.94045 40 62
0.94197 40 64
0.94104 40 66
0.94041 40 68
0.94130 40 70
0.94064 40 72
0.93893 40 74
0.94149 40 76
0.94006 40 78
0.94023 40 80
0.94092 40 82
0.93945 40 84
0.93980 40 86
0.93869 40 88
0.94050 40 90
0.93969 40 92
0.94101 40 94
0.93979 40 96
0.94109 40 98
0.93923 40 100
0.94086 40 102
0.93976 40 104
0.94094 40 106
0.94031 40 108
0.94085 40 110
0.93973 40 112
0.94142 40 114
0.93997 40 116
0.93950 40 118
0.94014 40 120
0.94037 40 122
0.94008 40 124
0.94074 40 126
0.94083 40 128
0.93951 40 130
0.94090 40 132
0.93978 40 134
0.93961 40 136
0.94030 40 138
0.94051 40 140
0.93963 40 142
0.94200 40 144
0.93991 40 146
0.94150 40 148
0.93896 40 150
0.94093 40 152
0.94201 40 154
0.93745 40 156
0.93959 40 158
0.94044 40 160
0.94000 40 162
0.94005 40 164
0.94124 40 166
0.93826 40 168
0.93489 40 170
0.93898 40 172
0.93668 40 174
0.94578 40 176
0.93756 40 178
0.94060 40 180
0.93744 40 182
0.93786 40 184
0.93969 40 186
0.94362 40 188
0.94594 40 190
0.93586 40 192
0.93805 40 194
0.93750 40 196
0.93780 40 198
0.94145 40 200
0.94233 40 202
0.94300 40 204
0.94046 40 206
0.93965 40 208
0.94029 40 210
0.93594 40 212
0.93897 40 214
0.93122 40 216
0.93816 40 218
0.94089 42 0
0.94134 42 2
0.93248 42 4
0.94100 42 6
0.94428 42 8
0.93880 42 10
0.94215 42 12
0.94364 42 14
0.94425 42 16
0.93914 42 18
0.94006 42 20
0.93925 42 22
0.94144 42 24
0.93672 42 26
0.94118 42 28
0.94301 42 30
0.94097 42 32
0.93796 42 34
0.93706 42 36
0.93778 42 38
0.94060 42 40
0.94067 42 42
0.93865 42 44
0.94134 42 46
0.94055 42 48
0.94038 42 50
0.93956 42 52
0.93952 42 54
0.94030 42 56
0.94094 42 58
0.94057 42 60
0.94177 42 62
0.93916 42 64
0.93984 42 66
0.93870 42 68
0.93948 42 70
0.93940 42 72
0.94071 42 74
0.93926 42 76
0.93547 42 78
0.94053 42 80
0.94029 42 82
0.94118 42 84
0.93949 42 86
0.94191 42 88
0.94005 42 90
0.93966 42 92
0.94048 42 94
0.94038 42 96
0.94113 42 98
0.94081 42 100
0.94050 42 102
0.94126 42 104
0.93968 42 106
0.94088 42 108
0.94052 42 110
0.94161 42 112
0.94089 42 114
0.94080 42 116
0.94086 42 118
0.94059 42 120
0.94037 42 122
0.94074 42 124
0.94009 42 126
0.94057 42 128
0.94003 42 130
0.94095 42 132
0.94015 42 134
0.94073 42 136
0.94004 42 138
0.93938 42 140
0.93967 42 142
0.94033 42 144
0.94063 42 146
0.93897 42 148
0.94009 42 150
0.94021 42 152
0.93981 42 154
0.93985 42 156
0.93775 42 158
0.94220 42 160
0.93695 42 162
0.94186 42 164
0.93542 42 166
0.93872 42 168
0.94006 42 170
0.94197 42 172
0.93964 42 174
0.93973 42 176
0.94047 42 178
0.94094 42 180
0.93844 42 182
0.93993 42 184
0.93981 42 186
0.93928 42 188
0.93366 42 190
0.93647 42 192
0.94134 42 194
0.93840 42 196
0.93965 42 198
0.94057 42 200
0.94093 42 202
0.93907 42 204
0.93958 42 206
0.93995 42 208
0.94006 42 210
0.94593 42 212
0.94057 42 214
0.94050 42 216
0.94175 42 218
0.93422 44 0
0.93929 44 2
0.93849 44 4
0.93967 44 6
0.94150 44 8
0.94367 44 10
0.94138 44 12
0.93950 44 14
0.93677 44 16
0.93500 44 18
0.93815 44 20
0.94429 44 22
0.93973 44 24
0.94099 44 26
0.93931 44 28
0.94234 44 30
0.94267 44 32
0.94015 44 34
0.94185 44 36
0.93962 44 38
0.94002 44 40
0.94191 44 42
0.93799 44 44
0.94127 44 46
0.93597 44 48
0.94049 44 50
0.93936 44 52
0.94125 44 54
0.93389 44 56
0.93874 44 58
0.94253 44 60
0.93800 44 62
0.93965 44 64
0.93959 44 66
0.94207 44 68
0.94044 44 70
0.94065 44 72
0.94076 44 74
0.94060 44 76
0.94192 44 78
0.93783 44 80
0.93881 44 82
0.94122 44 84
0.93907 44 86
0.93989 44 88
0.93992 44 90
0.93925 44 92
0.94136 44 94
0.94021 44 96
0.94015 44 98
0.94038 44 100
0.94026 44 102
0.94154 44 104
0.94095 44 106
0.94000 44 108
0.94050 44 110
0.93973 44 112
0.94141 44 114
0.94074 44 116
0.94032 44 118
0.94097 44 120
0.93999 44 122
0.94069 44 124
0.94132 44 126
0.94042 44 128
0.94122 44 130
0.94060 44 132
0.93970 44 134
0.93959 44 136
0.94080 44 138
0.93963 44 140
0.94146 44 142
0.94055 44 144
0.93895 44 146
0.94088 44 148
0.93888 44 150
0.93883 44 152
0.94156 44 154
0.94167 44 156
0.93780 44 158
0.93740 44 160
0.93913 44 162
0.94084 44 164
0.93953 44 166
0.94142 44 168
0.94098 44 170
0.94007 44 172
0.93813 44 174
0.93791 44 176
0.94026 44 178
0.94084 44 180
0.94064 44 182
0.94069 44 184
0.94185 44 186
0.94009 44 188
0.94021 44 190
0.93806 44 192
0.93827 44 194
0.93803 44 196
0.93687 44 198
0.94093 44 200
0.93940 44 202
0.93882 44 204
0.94025 44 206
0.94704 44 208
0.94093 44 210
0.93771 44 212
0.93711 44 214
0.93580 44 216
0.93813 44 218
0.94048 46 0
0.93401 46 2
0.93910 46 4
0.94159 46 6
0.93953 46 8
0.94144 46 10
0.93874 46 12
0.93927 46 14
0.93844 46 16
0.94413 46 18
0.93986 46 20
0.94008 46 22
0.93842 46 24
0.94089 46 26
0.94140 46 28
0.94108 46 30
0.94191 46 32
0.93857 46 34
0.93815 46 36
0.94170 46 38
0.94127 46 40
0.93892 46 42
0.93928 46 44
0.94200 46 46
0.93909 46 48
0.93933 46 50
0.93935 46 52
0.93998 46 54
0.94033 46 56
0.94243 46 58
0.93883 46 60
0.93943 46 62
0.94162 46 64
0.93842 46 66
0.94069 46 68
0.93905 46 70
0.93919 46 72
0.94001 46 74
0.94038 46 76
0.94072 46 78
0.93853 46 80
0.94218 46 82
0.93843 46 84
0.94079 46 86
0.94098 46 88
0.94043 46 90
0.93939 46 92
0.94029 46 94
0.93958 46 96
0.93891 46 98
0.94079 46 100
0.94073 46 102
0.94101 46 104
0.93992 46 106
0.93974 46 108
0.93840 46 110
0.93942 46 112
0.93995 46 114
0.94025 46 116
0.93942 46 118
0.94082 46 120
0.94075 46 122
0.94050 46 124
0.94018 46 126
0.93999 46 128
0.94114 46 130
0.93901 46 132
0.93887 46 134
0.94052 46 136
0.94106 46 138
0.94056 46 140
0.94063 46 142
0.94080 46 144
0.93884 46 146
0.93763 46 148
0.94064 46 150
0.94071 46 152
0.93853 46 154
0.94006 46 156
0.94028 46 158
0.94083 46 160
0.94009 46 162
0.93875 46 164
0.93962 46 166
0.93869 46 168
0.94123 46 170
0.94069 46 172
0.93851 46 174
0.93351 46 176
0.93779 46 178
0.94035 46 180
0.94221 46 182
0.93953 46 184
0.93842 46 186
0.93351 46 188
0.93597 46 190
0.93833 46 192
0.94251 46 194
0.93765 46 196
0.93989 46 198
0.94095 46 200
0.93211 46 202
0.93723 46 204
0.94128 46 206
0.93973 46 208
0.93952 46 210
0.94022 46 212
0.94065 46 214
0.94044 46 216
0.94065 46 218
0.93775 48 0
0.93844 48 2
0.94070 48 4
0.94099 48 6
0.94093 48 8
0.94264 48 10
0.93350 48 12
0.93673 48 14
0.94075 48 16
0.93850 48 18
0.93808 48 20
0.93837 48 22
0.94060 48 24
0.94178 48 26
0.93903 48 28
0.94038 48 30
0.94030 48 32
0.93965 48 34
0.94279 48 36
0.94220 48 38
0.93807 48 40
0.94014 48 42
0.94146 48 44
0.93845 48 46
0.94105 48 48
0.93899 48 50
0.93264 48 52
0.94063 48 54
0.94010 48 56
0.93905 48 58
0.94014 48 60
0.93852 48 62
0.94192 48 64
0.94192 48 66
0.94052 48 68
0.94063 48 70
0.94194 48 72
0.94049 48 74
0.94006 48 76
0.93941 48 78
0.93996 48 80
0.94008 48 82
0.94122 48 84
0.93821 48 86
0.93910 48 88
0.94006 48 90
0.94126 48 92
0.93963 48 94
0.94058 48 96
0.93966 48 98
0.94069 48 100
0.94068 48 102
0.94062 48 104
0.94082 48 106
0.94034 48 108
0.93957 48 110
0.93980 48 112
0.93985 48 114
0.94164 48 116
0.94029 48 118
0.94029 48 120
0.94082 48 122
0.94082 48 124
0.94035 48 126
0.93986 48 128
0.94054 48 130
0.94104 48 132
0.94106 48 134
0.93970 48 136
0.94024 48 138
0.94157 48 140
0.93660 48 142
0.94041 48 144
0.93933 48 146
0.94034 48 148
0.93758 48 150
0.93989 48 152
0.93833 48 154
0.94050 48 156
0.93998 48 158
0.94069 48 160
0.93825 48 162
0.93912 48 164
0.93277 48 166
0.94259 48 168
0.93789 48 170
0.93805 48 172
0.94004 48 174
0.94653 48 176
0.93916 48 178
0.94047 48 180
0.94153 48 182
0.93451 48 184
0.94371 48 186
0.93756 48 188
0.93575 48 190
0.93045 48 192
0.93976 48 194
0.94043 48 196
0.93958 48 198
0.93920 48 200
0.93793 48 202
0.94286 48 204
0.93933 48 206
0.94037 48 208
0.94235 48 210
0.94060 48 212
0.94184 48 214
0.93963 48 216
0.94124 48 218
0.94184 50 0
0.94596 50 2
0.94036 50 4
0.93838 50 6
0.93966 50 8
0.94178 50 10
0.93975 50 12
0.93787 50 14
0.93860 50 16
0.94055 50 18
0.93919 50 20
0.93678 50 22
0.94101 50 24
0.93981 50 26
0.94293 50 28
0.94007 50 30
0.94078 50 32
0.94159 50 34
0.94145 50 36
0.94130 50 38
0.93560 50 40
0.94060 50 42
0.94155 50 44
0.93981 50 46
0.93557 50 48
0.93885 50 50
0.94012 50 52
0.94213 50 54
0.94159 50 56
0.93871 50 58
0.94053 50 60
0.93672 50 62
0.93993 50 64
0.93943 50 66
0.93939 50 68
0.94037 50 70
0.93749 50 72
0.94064 50 74
0.93948 50 76
0.94053 50 78
0.93978 50 80
0.93909 50 82
0.94106 50 84
0.93992 50 86
0.94073 50 88
0.93880 50 90
0.94042 50 92
0.93882 50 94
0.94081 50 96
0.94151 50 98
0.94016 50 100
0.94039 50 102
0.94224 50 104
0.93909 50 106
0.94021 50 108
0.93937 50 110
0.94050 50 112
0.94061 50 114
0.93963 50 116
0.94075 50 118
0.94098 50 120
0.94061 50 122
0.94068 50 124
0.93982 50 126
0.94091 50 128
0.94044 50 130
0.94054 50 132
0.94087 50 134
0.93952 50 136
0.93891 50 138
0.94061 50 140
0.94022 50 142
0.94143 50 144
0.94228 50 146
0.93978 50 148
0.94063 50 150
0.94273 50 152
0.94004 50 154
0.93907 50 156
0.94008 50 158
0.94054 50 160
0.94106 50 162
0.94184 50 164
0.94130 50 166
0.94166 50 168
0.93600 50 170
0.94076 50 172
0.94286 50 174
0.94119 50 176
0.94003 50 178
0.94185 50 180
0.94286 50 182
0.94008 50 184
0.94032 50 186
0.94004 50 188
0.94077 50 190
0.94174 50 192
0.94302 50 194
0.93930 50 196
0.93981 50 198
0.93906 50 200
0.93981 50 202
0.93495 50 204
0.94318 50 206
0.94086 50 208
0.94052 50 210
0.93962 50 212
0.93908 50 214
0.94231 50 216
0.93928 50 218
0.93803 52 0
0.93827 52 2
0.93590 52 4
0.93392 52 6
0.93899 52 8
0.94068 52 10
0.93919 52 12
0.94146 52 14
0.93749 52 16
0.93686 52 18
0.93848 52 20
0.93978 52 22
0.94047 52 24
0.94243 52 26
0.93749 52 28
0.94051 52 30
0.93844 52 32
0.94085 52 34
0.93726 52 36
0.93845 52 38
0.94393 52 40
0.93950 52 42
0.93851 52 44
0.94014 52 46
0.93946 52 48
0.93690 52 50
0.94078 52 52
0.93955 52 54
0.93910 52 56
0.93862 52 58
0.94003 52 60
0.94029 52 62
0.94120 52 64
0.94070 52 66
0.94001 52 68
0.93987 52 70
0.94106 52 72
0.94032 52 74
0.94065 52 76
0.93992 52 78
0.94051 52 80
0.94017 52 82
0.94063 52 84
0.93948 52 86
0.94030 52 88
0.93985 52 90
0.93911 52 92
0.94006 52 94
0.93853 52 96
0.93926 52 98
0.94056 52 100
0.93946 52 102
0.94059 52 104
0.94060 52 106
0.93943 52 108
0.94112 52 110
0.94007 52 112
0.94011 52 114
0.94095 52 116
0.94004 52 118
0.94058 52 120
0.94043 52 122
0.93958 52 124
0.94151 52 126
0.94085 52 128
0.94036 52 130
0.94057 52 132
0.94118 52 134
0.94038 52 136
0.94023 52 138
0.94053 52 140
0.94008 52 142
0.93972 52 144
0.94099 52 146
0.94078 52 148
0.94203 52 150
0.94122 52 152
0.94105 52 154
0.93909 52 156
0.93793 52 158
0.94286 52 160
0.94027 52 162
0.93934 52 164
0.93953 52 166
0.93790 52 168
0.93918 52 170
0.93976 52 172
0.93967 52 174
0.94079 52 176
0.93957 52 178
0.93923 52 180
0.93968 52 182
0.94190 52 184
0.93984 52 186
0.94047 52 188
0.93586 52 190
0.93946 52 192
0.94200 52 194
0.93998 52 196
0.93614 52 198
0.94143 52 200
0.94203 52 202
0.93825 52 204
0.94209 52 206
0.94071 52 208
0.93979 52 210
0.93729 52 212
0.94517 52 214
0.94031 52 216
0.94281 52 218
0.93842 54 0
0.93812 54 2
0.93861 54 4
0.93775 54 6
0.94009 54 8
0.94001 54 10
0.94143 54 12
0.94310 54 14
0.94054 54 16
0.93753 54 18
0.93984 54 20
0.94224 54 22
0.93996 54 24
0.93704 54 26
0.94121 54 28
0.93931 54 30
0.94007 54 32
0.94017 54 34
0.94056 54 36
0.93904 54 38
0.93939 54 40
0.93775 54 42
0.94063 54 44
0.93984 54 46
0.93864 54 48
0.93611 54 50
0.94267 54 52
0.94040 54 54
0.94037 54 56
0.93939 54 58
0.93578 54 60
0.94106 54 62
0.94050 54 64
0.94004 54 66
0.94130 54 68
0.93876 54 70
0.94055 54 72
0.93984 54 74
0.93965 54 76
0.94174 54 78
0.94104 54 80
0.94153 54 82
0.94057 54 84
0.94073 54 86
0.93936 54 88
0.94094 54 90
0.93950 54 92
0.94081 54 94
0.93984 54 96
0.94010 54 98
0.94053 54 100
0.94077 54 102
0.94008 54 104
0.94188 54 106
0.94000 54 108
0.94057 54 110
0.94041 54 112
0.94081 54 114
0.94076 54 116
0.94015 54 118
0.94006 54 120
0.94038 54 122
0.93921 54 124
0.93992 54 126
0.94019 54 128
0.94027 54 130
0.94099 54 132
0.94003 54 134
0.93948 54 136
0.94098 54 138
0.94065 54 140
0.94005 54 142
0.93916 54 144
0.94009 54 146
0.94170 54 148
0.94053 54 150
0.94032 54 152
0.94173 54 154
0.93985 54 156
0.93989 54 158
0.93728 54 160
0.93586 54 162
0.94078 54 164
0.93997 54 166
0.93964 54 168
0.94138 54 170
0.94060 54 172
0.94083 54 174
0.94109 54 176
0.93909 54 178
0.93610 54 180
0.94139 54 182
0.93764 54 184
0.94032 54 186
0.93900 54 188
0.93702 54 190
0.94014 54 192
0.93707 54 194
0.93902 54 196
0.93866 54 198
0.93993 54 200
0.94139 54 202
0.93749 54 204
0.93880 54 206
0.94159 54 208
0.94129 54 210
0.93844 54 212
0.93865 54 214
0.93526 54 216
0.94105 54 218
0.94850 56 0
0.94308 56 2
0.93619 56 4
0.94140 56 6
0.93954 56 8
0.93801 56 10
0.94172 56 12
0.94205 56 14
0.94293 56 16
0.93908 56 18
0.94413 56 20
0.94059 56 22
0.94121 56 24
0.94182 56 26
0.93974 56 28
0.94135 56 30
0.94021 56 32
0.94071 56 34
0.93917 56 36
0.94097 56 38
0.93357 56 40
0.93709 56 42
0.94144 56 44
0.93822 56 46
0.94067 56 48
0.93918 56 50
0.93965 56 52
0.93940 56 54
0.93997 56 56
0.93620 56 58
0.94037 56 60
0.93601 56 62
0.94011 56 64
0.94118 56 66
0.94071 56 68
0.94147 56 70
0.93835 56 72
0.93805 56 74
0.94018 56 76
0.94008 56 78
0.94004 56 80
0.93973 56 82
0.93850 56 84
0.94081 56 86
0.93939 56 88
0.94073 56 90
0.93984 56 92
0.93974 56 94
0.94067 56 96
0.94023 56 98
0.94185 56 100
0.94194 56 102
0.93976 56 104
0.94072 56 106
0.94070 56 108
0.93946 56 110
0.94018 56 112
0.94044 56 114
0.93977 56 116
0.94124 56 118
0.94030 56 120
0.94080 56 122
0.94024 56 124
0.94124 56 126
0.94034 56 128
0.94169 56 130
0.94024 56 132
0.94033 56 134
0.93967 56 136
0.94049 56 138
0.93966 56 140
0.93981 56 142
0.94049 56 144
0.94157 56 146
0.94010 56 148
0.94135 56 150
0.93886 56 152
0.93864 56 154
0.93957 56 156
0.93905 56 158
0.94139 56 160
0.94187 56 162
0.93830 56 164
0.94096 56 166
0.93868 56 168
0.93981 56 170
0.93976 56 172
0.94026 56 174
0.94115 56 176
0.93864 56 178
0.93944 56 180
0.94055 56 182
0.94074 56 184
0.93650 56 186
0.93843 56 188
0.93904 56 190
0.93685 56 192
0.93875 56 194
0.93995 56 196
0.94082 56 198
0.94026 56 200
0.93830 56 202
0.93637 56 204
0.93596 56 206
0.93875 56 208
0.94003 56 210
0.94003 56 212
0.93903 56 214
0.94342 56 216
0.93899 56 218
0.94883 58 0
0.93736 58 2
0.94112 58 4
0.93993 58 6
0.93713 58 8
0.93832 58 10
0.93886 58 12
0.94269 58 14
0.94344 58 16
0.93720 58 18
0.93956 58 20
0.93910 58 22
0.94095 58 24
0.93873 58 26
0.94075 58 28
0.93855 58 30
0.94153 58 32
0.93958 58 34
0.94020 58 36
0.93815 58 38
0.93511 58 40
0.93531 58 42
0.94145 58 44
0.93967 58 46
0.94001 58 48
0.94081 58 50
0.93905 58 52
0.93330 58 54
0.93988 58 56
0.94119 58 58
0.93989 58 60
0.93984 58 62
0.94088 58 64
0.93969 58 66
0.93977 58 68
0.93791 58 70
0.94093 58 72
0.94047 58 74
0.94049 58 76
0.94140 58 78
0.94103 58 80
0.93945 58 82
0.94013 58 84
0.94125 58 86
0.94031 58 88
0.94028 58 90
0.94144 58 92
0.94108 58 94
0.94042 58 96
0.94046 58 98
0.93854 58 100
0.94126 58 102
0.93987 58 104
0.94004 58 106
0.94102 58 108
0.93987 58 110
0.94078 58 112
0.94012 58 114
0.94124 58 116
0.94097 58 118
0.94103 58 120
0.94033 58 122
0.94073 58 124
0.94103 58 126
0.94044 58 128
0.94032 58 130
0.94025 58 132
0.94044 58 134
0.93971 58 136
0.93916 58 138
0.94003 58 140
0.94107 58 142
0.93903 58 144
0.93972 58 146
0.94073 58 148
0.93946 58 150
0.93971 58 152
0.93958 58 154
0.94016 58 156
0.94216 58 158
0.94013 58 160
0.93931 58 162
0.93484 58 164
0.94012 58 166
0.94062 58 168
0.94120 58 170
0.93958 58 172
0.94030 58 174
0.93990 58 176
0.93873 58 178
0.94043 58 180
0.93424 58 182
0.94030 58 184
0.93941 58 186
0.93894 58 188
0.93957 58 190
0.93950 58 192
0.93481 58 194
0.94001 58 196
0.93782 58 198
0.93944 58 200
0.94004 58 202
0.93668 58 204
0.93984 58 206
0.93993 58 208
0.94019 58 210
0.94105 58 212
0.93684 58 214
0.94068 58 216
0.93714 58 218
0.94139 60 0
0.94655 60 2
0.94194 60 4
0.94094 60 6
0.94038 60 8
0.94015 60 10
0.93936 60 12
0.93853 60 14
0.94211 60 16
0.94135 60 18
0.93882 60 20
0.94081 60 22
0.93915 60 24
0.94173 60 26
0.94183 60 28
0.94023 60 30
0.94044 60 32
0.94047 60 34
0.93777 60 36
0.94126 60 38
0.93722 60 40
0.94015 60 42
0.94095 60 44
0.94055 60 46
0.93755 60 48
0.94170 60 50
0.93859 60 52
0.93672 60 54
0.94124 60 56
0.93910 60 58
0.93885 60 60
0.94035 60 62
0.93925 60 64
0.94236 60 66
0.93988 60 68
0.94057 60 70
0.94054 60 72
0.93995 60 74
0.93913 60 76
0.93859 60 78
0.94056 60 80
0.93983 60 82
0.94048 60 84
0.94092 60 86
0.94029 60 88
0.94143 60 90
0.94117 60 92
0.94064 60 94
0.94102 60 96
0.93976 60 98
0.93992 60 100
0.94154 60 102
0.94005 60 104
0.93978 60 106
0.94061 60 108
0.94133 60 110
0.94078 60 112
0.94076 60 114
0.93907 60 116
0.94052 60 118
0.94067 60 120
0.94041 60 122
0.94038 60 124
0.94039 60 126
0.94030 60 128
0.94080 60 130
0.94030 60 132
0.94074 60 134
0.94002 60 136
0.94103 60 138
0.94050 60 140
0.93912 60 142
0.94159 60 144
0.94044 60 146
0.93927 60 148
0.94011 60 150
0.94087 60 152
0.93722 60 154
0.93995 60 156
0.93960 60 158
0.94012 60 160
0.94091 60 162
0.93815 60 164
0.93742 60 166
0.93900 60 168
0.94027 60 170
0.94113 60 172
0.93844 60 174
0.93847 60 176
0.93912 60 178
0.94125 60 180
0.94316 60 182
0.94018 60 184
0.93986 60 186
0.93821 60 188
0.94073 60 190
0.93053 60 192
0.93979 60 194
0.94014 60 196
0.94025 60 198
0.94077 60 200
0.93803 60 202
0.94080 60 204
0.93997 60 206
0.93723 60 208
0.94057 60 210
0.94038 60 212
0.94370 60 214
0.94309 60 216
0.94656 60 218
0.92441 62 0
0.94259 62 2
0.93805 62 4
0.94091 62 6
0.93924 62 8
0.94201 62 10
0.93733 62 12
0.94206 62 14
0.94313 62 16
0.94171 62 18
0.93999 62 20
0.93947 62 22
0.93633 62 24
0.93859 62 26
0.93953 62 28
0.94101 62 30
0.94149 62 32
0.94222 62 34
0.93794 62 36
0.93920 62 38
0.94148 62 40
0.93464 62 42
0.94070 62 44
0.93992 62 46
0.93981 62 48
0.93856 62 50
0.94101 62 52
0.93839 62 54
0.94163 62 56
0.94090 62 58
0.94080 62 60
0.94030 62 62
0.93923 62 64
0.93883 62 66
0.94054 62 68
0.93925 62 70
0.94077 62 72
0.94086 62 74
0.93852 62 76
0.94048 62 78
0.93880 62 80
0.94080 62 82
0.94020 62 84
0.94097 62 86
0.93983 62 88
0.94196 62 90
0.94110 62 92
0.93944 62 94
0.94022 62 96
0.94051 62 98
0.93982 62 100
0.93972 62 102
0.93913 62 104
0.94048 62 106
0.94049 62 108
0.94078 62 110
0.94010 62 112
0.94040 62 114
0.94021 62 116
0.94111 62 118
0.94128 62 120
0.94029 62 122
0.93919 62 124
0.94029 62 126
0.94022 62 128
0.93963 62 130
0.94047 62 132
0.93957 62 134
0.93802 62 136
0.93900 62 138
0.93981 62 140
0.94124 62 142
0.93951 62 144
0.93899 62 146
0.93978 62 148
0.94047 62 150
0.94037 62 152
0.93899 62 154
0.93872 62 156
0.93968 62 158
0.94004 62 160
0.94016 62 162
0.94066 62 164
0.94015 62 166
0.93743 62 168
0.93976 62 170
0.93916 62 172
0.93998 62 174
0.93910 62 176
0.93878 62 178
0.93972 62 180
0.94057 62 182
0.93795 62 184
0.93997 62 186
0.94234 62 188
0.93937 62 190
0.93869 62 192
0.94133 62 194
0.93910 62 196
0.94059 62 198
0.94009 62 200
0.94081 62 202
0.94091 62 204
0.93865 62 206
0.93941 62 208
0.94069 62 210
0.93877 62 212
0.94251 62 214
0.94042 62 216
0.94091 62 218
0.93678 64 0
0.94025 64 2
0.93867 64 4
0.93732 64 6
0.93714 64 8
0.93969 64 10
0.93893 64 12
0.94008 64 14
0.94052 64 16
0.93988 64 18
0.93988 64 20
0.93840 64 22
0.94103 64 24
0.93921 64 26
0.94137 64 28
0.94011 64 30
0.94025 64 32
0.93906 64 34
0.93997 64 36
0.94143 64 38
0.94111 64 40
0.94145 64 42
0.93788 64 44
0.94051 64 46
0.94076 64 48
0.94039 64 50
0.94165 64 52
0.94114 64 54
0.94006 64 56
0.94008 64 58
0.93906 64 60
0.94102 64 62
0.94007 64 64
0.93970 64 66
0.94060 64 68
0.94021 64 70
0.94062 64 72
0.93899 64 74
0.94053 64 76
0.94020 64 78
0.94096 64 80
0.94094 64 82
0.93906 64 84
0.94047 64 86
0.94060 64 88
0.93907 64 90
0.94021 64 92
0.94052 64 94
0.94086 64 96
0.94064 64 98
0.93894 64 100
0.94099 64 102
0.94069 64 104
0.94055 64 106
0.94011 64 108
0.93944 64 110
0.93964 64 112
0.94132 64 114
0.94162 64 116
0.94049 64 118
0.93994 64 120
0.94016 64 122
0.94121 64 124
0.93992 64 126
0.94047 64 128
0.94063 64 130
0.94114 64 132
0.94081 64 134
0.94073 64 136
0.93950 64 138
0.94092 64 140
0.93937 64 142
0.94042 64 144
0.93917 64 146
0.94022 64 148
0.93982 64 150
0.93995 64 152
0.94092 64 154
0.94212 64 156
0.94006 64 158
0.94087 64 160
0.93955 64 162
0.94022 64 164
0.93723 64 166
0.93657 64 168
0.93923 64 170
0.93918 64 172
0.93785 64 174
0.93855 64 176
0.94056 64 178
0.94012 64 180
0.93857 64 182
0.93914 64 184
0.93998 64 186
0.93878 64 188
0.94110 64 190
0.93946 64 192
0.93879 64 194
0.93868 64 196
0.94125 64 198
0.94237 64 200
0.93968 64 202
0.94111 64 204
0.93883 64 206
0.94066 64 208
0.94184 64 210
0.93653 64 212
0.94085 64 214
0.93905 64 216
0.93403 64 218
0.94018 66 0
0.94089 66 2
0.94137 66 4
0.93682 66 6
0.94156 66 8
0.94137 66 10
0.93991 66 12
0.93930 66 14
0.93924 66 16
0.93920 66 18
0.94120 66 20
0.93954 66 22
0.94094 66 24
0.94018 66 26
0.94246 66 28
0.94004 66 30
0.93831 66 32
0.94135 66 34
0.93988 66 36
0.93875 66 38
0.94024 66 40
0.93945 66 42
0.94017 66 44
0.94000 66 46
0.94070 66 48
0.93667 66 50
0.93808 66 52
0.94031 66 54
0.93925 66 56
0.94015 66 58
0.94255 66 60
0.93916 66 62
0.94102 66 64
0.94091 66 66
0.94007 66 68
0.94184 66 70
0.93924 66 72
0.94048 66 74
0.94117 66 76
0.93949 66 78
0.94048 66 80
0.94074 66 82
0.94117 66 84
0.94064 66 86
0.94054 66 88
0.93994 66 90
0.93992 66 92
0.94067 66 94
0.94004 66 96
0.94102 66 98
0.94121 66 100
0.93994 66 102
0.94037 66 104
0.94079 66 106
0.94040 66 108
0.94103 66 110
0.94048 66 112
0.94054 66 114
0.94059 66 116
0.94022 66 118
0.93905 66 120
0.94120 66 122
0.94094 66 124
0.94002 66 126
0.93975 66 128
0.94056 66 130
0.94120 66 132
0.94111 66 134
0.93958 66 136
0.94024 66 138
0.93944 66 140
0.94104 66 142
0.94098 66 144
0.94064 66 146
0.94154 66 148
0.93930 66 150
0.93670 66 152
0.93882 66 154
0.93796 66 156
0.93823 66 158
0.94078 66 160
0.94192 66 162
0.93881 66 164
0.94114 66 166
0.94099 66 168
0.93999 66 170
0.93858 66 172
0.94110 66 174
0.93834 66 176
0.93932 66 178
0.94092 66 180
0.93885 66 182
0.94039 66 184
0.93494 66 186
0.93905 66 188
0.94285 66 190
0.93449 66 192
0.93971 66 194
0.93838 66 196
0.93655 66 198
0.94174 66 200
0.94016 66 202
0.94007 66 204
0.93911 66 206
0.93991 66 208
0.93925 66 210
0.94195 66 212
0.94042 66 214
0.93998 66 216
0.94288 66 218
0.94428 68 0
0.94050 68 2
0.93776 68 4
0.93791 68 6
0.94074 68 8
0.94041 68 10
0.94301 68 12
0.93914 68 14
0.94136 68 16
0.93710 68 18
0.93950 68 20
0.94105 68 22
0.94017 68 24
0.93969 68 26
0.93853 68 28
0.93789 68 30
0.93728 68 32
0.94137 68 34
0.94008 68 36
0.94000 68 38
0.93975 68 40
0.93839 68 42
0.93878 68 44
0.93823 68 46
0.94211 68 48
0.94286 68 50
0.94054 68 52
0.94066 68 54
0.94061 68 56
0.93958 68 58
0.93978 68 60
0.94047 68 62
0.94070 68 64
0.94039 68 66
0.94133 68 68
0.93980 68 70
0.94076 68 72
0.94113 68 74
0.94037 68 76
0.94084 68 78
0.94095 68 80
0.94057 68 82
0.94092 68 84
0.93902 68 86
0.94027 68 88
0.94145 68 90
0.93984 68 92
0.94101 68 94
0.94025 68 96
0.94045 68 98
0.94063 68 100
0.93995 68 102
0.94042 68 104
0.94019 68 106
0.94055 68 108
0.94042 68 110
0.94054 68 112
0.94003 68 114
0.94094 68 116
0.94066 68 118
0.93949 68 120
0.94048 68 122
0.93954 68 124
0.94080 68 126
0.94132 68 128
0.93994 68 130
0.94096 68 132
0.94019 68 134
0.93992 68 136
0.93974 68 138
0.94048 68 140
0.94099 68 142
0.93786 68 144
0.93919 68 146
0.93773 68 148
0.94040 68 150
0.93879 68 152
0.93881 68 154
0.94020 68 156
0.94056 68 158
0.94098 68 160
0.94064 68 162
0.94142 68 164
0.94113 68 166
0.94042 68 168
0.93912 68 170
0.93799 68 172
0.93974 68 174
0.93923 68 176
0.94103 68 178
0.94183 68 180
0.93625 68 182
0.94009 68 184
0.94133 68 186
0.93724 68 188
0.93761 68 190
0.93645 68 192
0.94037 68 194
0.93879 68 196
0.93920 68 198
0.93836 68 200
0.94002 68 202
0.94008 68 204
0.94078 68 206
0.93743 68 208
0.93738 68 210
0.94166 68 212
0.93769 68 214
0.94283 68 216
0.93840 68 218
0.93922 70 0
0.93890 70 2
0.94007 70 4
0.93422 70 6
0.93715 70 8
0.94102 70 10
0.94011 70 12
0.93772 70 14
0.93572 70 16
0.94029 70 18
0.94063 70 20
0.94137 70 22
0.94069 70 24
0.94093 70 26
0.93887 70 28
0.93913 70 30
0.94009 70 32
0.93987 70 34
0.94030 70 36
0.94066 70 38
0.93992 70 40
0.93873 70 42
0.94031 70 44
0.94025 70 46
0.93974 70 48
0.94044 70 50
0.93806 70 52
0.94093 70 54
0.93816 70 56
0.93936 70 58
0.93824 70 60
0.94008 70 62
0.93892 70 64
0.94123 70 66
0.94009 70 68
0.94122 70 70
0.94005 70 72
0.93923 70 74
0.94047 70 76
0.94093 70 78
0.94085 70 80
0.94111 70 82
0.93946 70 84
0.94017 70 86
0.94091 70 88
0.93907 70 90
0.94093 70 92
0.94073 70 94
0.94067 70 96
0.94163 70 98
0.94038 70 100
0.94026 70 102
0.94121 70 104
0.94150 70 106
0.94041 70 108
0.94059 70 110
0.94120 70 112
0.94086 70 114
0.94079 70 116
0.94007 70 118
0.94111 70 120
0.94100 70 122
0.94091 70 124
0.94112 70 126
0.94034 70 128
0.93925 70 130
0.94027 70 132
0.93968 70 134
0.94034 70 136
0.94134 70 138
0.94066 70 140
0.94063 70 142
0.93984 70 144
0.93982 70 146
0.94024 70 148
0.93878 70 150
0.94047 70 152
0.93967 70 154
0.94000 70 156
0.94048 70 158
0.93962 70 160
0.93887 70 162
0.94031 70 164
0.94057 70 166
0.93965 70 168
0.94175 70 170
0.93981 70 172
0.94018 70 174
0.93749 70 176
0.93965 70 178
0.94158 70 180
0.93761 70 182
0.94042 70 184
0.94123 70 186
0.93916 70 188
0.93878 70 190
0.94062 70 192
0.93773 70 194
0.93937 70 196
0.94069 70 198
0.94016 70 200
0.93899 70 202
0.93669 70 204
0.93926 70 206
0.94148 70 208
0.94040 70 210
0.94177 70 212
0.94160 70 214
0.94245 70 216
0.94089 70 218
0.93876 72 0
0.94199 72 2
0.93837 72 4
0.93694 72 6
0.93746 72 8
0.93732 72 10
0.93960 72 12
0.94043 72 14
0.94091 72 16
0.94027 72 18
0.94111 72 20
0.94006 72 22
0.93956 72 24
0.93897 72 26
0.94194 72 28
0.93848 72 30
0.93894 72 32
0.94235 72 34
0.94086 72 36
0.94077 72 38
0.94051 72 40
0.93704 72 42
0.93796 72 44
0.93838 72 46
0.93896 72 48
0.93982 72 50
0.94074 72 52
0.93898 72 54
0.94046 72 56
0.94097 72 58
0.94049 72 60
0.94050 72 62
0.94043 72 64
0.93985 72 66
0.94073 72 68
0.94067 72 70
0.93956 72 72
0.94055 72 74
0.93992 72 76
0.94103 72 78
0.94025 72 80
0.94081 72 82
0.94037 72 84
0.94094 72 86
0.94029 72 88
0.94053 72 90
0.94049 72 92
0.94050 72 94
0.94012 72 96
0.94083 72 98
0.94118 72 100
0.94042 72 102
0.94170 72 104
0.94033 72 106
0.94084 72 108
0.94100 72 110
0.94102 72 112
0.94027 72 114
0.94047 72 116
0.94090 72 118
0.94022 72 120
0.94114 72 122
0.94040 72 124
0.94045 72 126
0.94014 72 128
0.94003 72 130
0.94050 72 132
0.93921 72 134
0.94122 72 136
0.94030 72 138
0.94090 72 140
0.94031 72 142
0.94022 72 144
0.94018 72 146
0.93771 72 148
0.94076 72 150
0.93934 72 152
0.93882 72 154
0.94050 72 156
0.94014 72 158
0.94036 72 160
0.94160 72 162
0.93996 72 164
0.93964 72 166
0.93987 72 168
0.93637 72 170
0.94136 72 172
0.94003 72 174
0.93891 72 176
0.94052 72 178
0.93852 72 180
0.93645 72 182
0.93813 72 184
0.93887 72 186
0.94015 72 188
0.93844 72 190
0.94090 72 192
0.94059 72 194
0.93809 72 196
0.93947 72 198
0.93924 72 200
0.94071 72 202
0.93906 72 204
0.93974 72 206
0.94114 72 208
0.94070 72 210
0.93660 72 212
0.94046 72 214
0.93925 72 216
0.94227 72 218
0.93734 74 0
0.94072 74 2
0.94091 74 4
0.94082 74 6
0.94067 74 8
0.94202 74 10
0.93839 74 12
0.94192 74 14
0.93800 74 16
0.93943 74 18
0.93870 74 20
0.94013 74 22
0.94097 74 24
0.94026 74 26
0.94212 74 28
0.94160 74 30
0.93966 74 32
0.93894 74 34
0.93897 74 36
0.94021 74 38
0.93800 74 40
0.93919 74 42
0.94048 74 44
0.94061 74 46
0.93835 74 48
0.93992 74 50
0.94060 74 52
0.94058 74 54
0.94046 74 56
0.94131 74 58
0.94088 74 60
0.94025 74 62
0.94016 74 64
0.94067 74 66
0.94089 74 68
0.94008 74 70
0.93998 74 72
0.94073 74 74
0.94090 74 76
0.94083 74 78
0.94118 74 80
0.93989 74 82
0.94038 74 84
0.94059 74 86
0.94087 74 88
0.94121 74 90
0.93976 74 92
0.94012 74 94
0.93955 74 96
0.93979 74 98
0.94054 74 100
0.94136 74 102
0.94010 74 104
0.94024 74 106
0.94082 74 108
0.94013 74 110
0.93979 74 112
0.94031 74 114
0.93954 74 116
0.94114 74 118
0.93971 74 120
0.94061 74 122
0.93997 74 124
0.94053 74 126
0.94077 74 128
0.94027 74 130
0.94062 74 132
0.94079 74 134
0.93948 74 136
0.93997 74 138
0.93971 74 140
0.94058 74 142
0.94062 74 144
0.94098 74 146
0.94084 74 148
0.94018 74 150
0.93966 74 152
0.93950 74 154
0.93997 74 156
0.93986 74 158
0.93972 74 160
0.94051 74 162
0.93869 74 164
0.94022 74 166
0.93956 74 168
0.94056 74 170
0.94041 74 172
0.93964 74 174
0.94061 74 176
0.94001 74 178
0.93979 74 180
0.94056 74 182
0.94015 74 184
0.93859 74 186
0.94049 74 188
0.93927 74 190
0.93960 74 192
0.93858 74 194
0.94055 74 196
0.94131 74 198
0.93935 74 200
0.94252 74 202
0.94171 74 204
0.93854 74 206
0.93997 74 208
0.94060 74 210
0.94364 74 212
0.94057 74 214
0.93813 74 216
0.93838 74 218
0.94392 76 0
0.93853 76 2
0.94086 76 4
0.93904 76 6
0.93923 76 8
0.94049 76 10
0.94090 76 12
0.94063 76 14
0.94119 76 16
0.94086 76 18
0.94023 76 20
0.94049 76 22
0.93842 76 24
0.93798 76 26
0.94057 76 28
0.94023 76 30
0.93826 76 32
0.94096 76 34
0.93961 76 36
0.94042 76 38
0.93956 76 40
0.94057 76 42
0.94006 76 44
0.93968 76 46
0.93965 76 48
0.93988 76 50
0.93907 76 52
0.93962 76 54
0.93960 76 56
0.94142 76 58
0.93951 76 60
0.94052 76 62
0.93905 76 64
0.94058 76 66
0.94004 76 68
0.94008 76 70
0.94069 76 72
0.94028 76 74
0.94010 76 76
0.93969 76 78
0.93983 76 80
0.93996 76 82
0.94041 76 84
0.94132 76 86
0.94010 76 88
0.94089 76 90
0.94044 76 92
0.94022 76 94
0.94074 76 96
0.94005 76 98
0.93938 76 100
0.94003 76 102
0.94010 76 104
0.94099 76 106
0.94060 76 108
0.94034 76 110
0.94066 76 112
0.94092 76 114
0.93978 76 116
0.94152 76 118
0.94058 76 120
0.94067 76 122
0.93947 76 124
0.94050 76 126
0.94026 76 128
0.94103 76 130
0.93997 76 132
0.93967 76 134
0.94052 76 136
0.94086 76 138
0.93970 76 140
0.94149 76 142
0.93983 76 144
0.94096 76 146
0.94044 76 148
0.94047 76 150
0.94063 76 152
0.94065 76 154
0.94092 76 156
0.93985 76 158
0.93998 76 160
0.93929 76 162
0.93892 76 164
0.93953 76 166
0.94134 76 168
0.93956 76 170
0.94075 76 172
0.94037 76 174
0.94058 76 176
0.94007 76 178
0.93948 76 180
0.93823 76 182
0.93998 76 184
0.93930 76 186
0.93888 76 188
0.93989 76 190
0.93863 76 192
0.93920 76 194
0.93948 76 196
0.93991 76 198
0.93738 76 200
0.93839 76 202
0.93641 76 204
0.94187 76 206
0.93967 76 208
0.94150 76 210
0.94029 76 212
0.94023 76 214
0.93943 76 216
0.94156 76 218
0.94250 78 0
0.93968 78 2
0.94062 78 4
0.94159 78 6
0.93922 78 8
0.94159 78 10
0.94043 78 12
0.93921 78 14
0.94058 78 16
0.94062 78 18
0.94031 78 20
0.94048 78 22
0.93919 78 24
0.94115 78 26
0.94148 78 28
0.94004 78 30
0.94218 78 32
0.94155 78 34
0.93921 78 36
0.94035 78 38
0.94101 78 40
0.93991 78 42
0.93877 78 44
0.94047 78 46
0.93941 78 48
0.94203 78 50
0.94021 78 52
0.94052 78 54
0.94027 78 56
0.93908 78 58
0.94110 78 60
0.93982 78 62
0.93828 78 64
0.93989 78 66
0.93828 78 68
0.94037 78 70
0.94001 78 72
0.94147 78 74
0.94088 78 76
0.94120 78 78
0.94075 78 80
0.94087 78 82
0.94085 78 84
0.94075 78 86
0.94074 78 88
0.94138 78 90
0.94128 78 92
0.94057 78 94
0.94040 78 96
0.94024 78 98
0.94106 78 100
0.94135 78 102
0.93940 78 104
0.94047 78 106
0.94072 78 108
0.94053 78 110
0.94068 78 112
0.94011 78 114
0.94143 78 116
0.94121 78 118
0.94106 78 120
0.94133 78 122
0.94042 78 124
0.94044 78 126
0.94066 78 128
0.94053 78 130
0.94103 78 132
0.94088 78 134
0.94019 78 136
0.94089 78 138
0.94075 78 140
0.93931 78 142
0.94036 78 144
0.94050 78 146
0.94060 78 148
0.94147 78 150
0.94042 78 152
0.94012 78 154
0.93921 78 156
0.93926 78 158
0.94078 78 160
0.93910 78 162
0.93968 78 164
0.93896 78 166
0.93896 78 168
0.94018 78 170
0.94064 78 172
0.93934 78 174
0.94033 78 176
0.94007 78 178
0.94016 78 180
0.93974 78 182
0.94054 78 184
0.94070 78 186
0.93951 78 188
0.93896 78 190
0.94095 78 192
0.93962 78 194
0.93940 78 196
0.94036 78 198
0.94016 78 200
0.94052 78 202
0.93926 78 204
0.94092 78 206
0.93956 78 208
0.94026 78 210
0.94047 78 212
0.93772 78 214
0.93972 78 216
0.93978 78 218
0.93980 80 0
0.94154 80 2
0.93906 80 4
0.93880 80 6
0.93998 80 8
0.94067 80 10
0.94127 80 12
0.94141 80 14
0.93878 80 16
0.93819 80 18
0.94177 80 20
0.94194 80 22
0.93938 80 24
0.94165 80 26
0.94006 80 28
0.93860 80 30
0.93960 80 32
0.93962 80 34
0.93836 80 36
0.93830 80 38
0.93947 80 40
0.94032 80 42
0.93954 80 44
0.93818 80 46
0.93983 80 48
0.94062 80 50
0.93927 80 52
0.93947 80 54
0.94193 80 56
0.94018 80 58
0.94122 80 60
0.94152 80 62
0.93989 80 64
0.94069 80 66
0.94042 80 68
0.94031 80 70
0.94119 80 72
0.94022 80 74
0.94058 80 76
0.94147 80 78
0.94008 80 80
0.94086 80 82
0.94006 80 84
0.93987 80 86
0.94077 80 88
0.94005 80 90
0.94005 80 92
0.93981 80 94
0.94055 80 96
0.94019 80 98
0.94060 80 100
0.94173 80 102
0.93999 80 104
0.94058 80 106
0.94031 80 108
0.94076 80 110
0.94048 80 112
0.94041 80 114
0.94069 80 116
0.94040 80 118
0.94009 80 120
0.93936 80 122
0.94004 80 124
0.94007 80 126
0.94070 80 128
0.93986 80 130
0.94038 80 132
0.94033 80 134
0.94009 80 136
0.94061 80 138
0.94117 80 140
0.93989 80 142
0.94078 80 144
0.94055 80 146
0.94102 80 148
0.93993 80 150
0.93994 80 152
0.94060 80 154
0.94060 80 156
0.93971 80 158
0.94028 80 160
0.94036 80 162
0.94136 80 164
0.93840 80 166
0.93992 80 168
0.94003 80 170
0.93896 80 172
0.93974 80 174
0.93898 80 176
0.94027 80 178
0.94040 80 180
0.94010 80 182
0.94029 80 184
0.93922 80 186
0.93936 80 188
0.94045 80 190
0.93746 80 192
0.93791 80 194
0.94024 80 196
0.93912 80 198
0.93943 80 200
0.94040 80 202
0.94186 80 204
0.94145 80 206
0.93996 80 208
0.94124 80 210
0.94038 80 212
0.94060 80 214
0.93968 80 216
0.94052 80 218
0.94043 82 0
0.93996 82 2
0.93775 82 4
0.94028 82 6
0.94116 82 8
0.93910 82 10
0.94084 82 12
0.94123 82 14
0.93979 82 16
0.93844 82 18
0.94164 82 20
0.94097 82 22
0.94089 82 24
0.94004 82 26
0.94022 82 28
0.93903 82 30
0.93968 82 32
0.93946 82 34
0.94038 82 36
0.93996 82 38
0.94087 82 40
0.94028 82 42
0.94027 82 44
0.93969 82 46
0.94213 82 48
0.94139 82 50
0.93823 82 52
0.94080 82 54
0.94047 82 56
0.94029 82 58
0.94180 82 60
0.93985 82 62
0.93979 82 64
0.94123 82 66
0.93994 82 68
0.94067 82 70
0.94029 82 72
0.94029 82 74
0.94102 82 76
0.93998 82 78
0.94039 82 80
0.93970 82 82
0.94071 82 84
0.94165 82 86
0.94062 82 88
0.94096 82 90
0.93972 82 92
0.94027 82 94
0.94107 82 96
0.94088 82 98
0.93913 82 100
0.94134 82 102
0.94021 82 104
0.94050 82 106
0.94087 82 108
0.94026 82 110
0.94130 82 112
0.94079 82 114
0.94154 82 116
0.94062 82 118
0.94024 82 120
0.94112 82 122
0.94072 82 124
0.94080 82 126
0.94157 82 128
0.94082 82 130
0.94017 82 132
0.94019 82 134
0.94093 82 136
0.94046 82 138
0.94024 82 140
0.93888 82 142
0.93983 82 144
0.93993 82 146
0.94035 82 148
0.94069 82 150
0.93871 82 152
0.94055 82 154
0.94154 82 156
0.94061 82 158
0.94055 82 160
0.93967 82 162
0.94014 82 164
0.94014 82 166
0.94131 82 168
0.94002 82 170
0.94042 82 172
0.94073 82 174
0.94085 82 176
0.94028 82 178
0.93914 82 180
0.94100 82 182
0.94080 82 184
0.94007 82 186
0.94026 82 188
0.94028 82 190
0.94111 82 192
0.94056 82 194
0.94064 82 196
0.94051 82 198
0.93969 82 200
0.94107 82 202
0.93979 82 204
0.93911 82 206
0.94060 82 208
0.94110 82 210
0.93820 82 212
0.93961 82 214
0.94113 82 216
0.93966 82 218
0.93820 84 0
0.94113 84 2
0.94070 84 4
0.94054 84 6
0.94082 84 8
0.93998 84 10
0.94145 84 12
0.94153 84 14
0.94009 84 16
0.93802 84 18
0.94079 84 20
0.94106 84 22
0.94025 84 24
0.94037 84 26
0.93861 84 28
0.94160 84 30
0.94018 84 32
0.94096 84 34
0.94036 84 36
0.94241 84 38
0.93950 84 40
0.93999 84 42
0.94078 84 44
0.93840 84 46
0.93880 84 48
0.94171 84 50
0.93966 84 52
0.94108 84 54
0.94053 84 56
0.94076 84 58
0.93901 84 60
0.94170 84 62
0.94076 84 64
0.93891 84 66
0.93875 84 68
0.93960 84 70
0.94045 84 72
0.94098 84 74
0.94064 84 76
0.93990 84 78
0.94034 84 80
0.93880 84 82
0.93998 84 84
0.94106 84 86
0.94104 84 88
0.93966 84 90
0.94086 84 92
0.94035 84 94
0.94053 84 96
0.93998 84 98
0.94177 84 100
0.94038 84 102
0.94024 84 104
0.94108 84 106
0.94126 84 108
0.94029 84 110
0.94022 84 112
0.94049 84 114
0.94054 84 116
0.94087 84 118
0.94167 84 120
0.94104 84 122
0.94137 84 124
0.94034 84 126
0.94070 84 128
0.93970 84 130
0.94204 84 132
0.94020 84 134
0.94104 84 136
0.94076 84 138
0.94050 84 140
0.94043 84 142
0.93968 84 144
0.94040 84 146
0.94044 84 148
0.93993 84 150
0.94026 84 152
0.94016 84 154
0.94098 84 156
0.94044 84 158
0.93880 84 160
0.94082 84 162
0.94012 84 164
0.93710 84 166
0.93985 84 168
0.93954 84 170
0.94150 84 172
0.93828 84 174
0.93918 84 176
0.94086 84 178
0.93980 84 180
0.93844 84 182
0.94143 84 184
0.94124 84 186
0.94162 84 188
0.94082 84 190
0.93987 84 192
0.93908 84 194
0.94094 84 196
0.93969 84 198
0.94004 84 200
0.93948 84 202
0.94032 84 204
0.93905 84 206
0.94049 84 208
0.94068 84 210
0.93962 84 212
0.93932 84 214
0.93738 84 216
0.93936 84 218
0.93754 86 0
0.94074 86 2
0.94107 86 4
0.93976 86 6
0.93869 86 8
0.93735 86 10
0.93992 86 12
0.94259 86 14
0.94120 86 16
0.93999 86 18
0.93941 86 20
0.94100 86 22
0.93977 86 24
0.94017 86 26
0.94038 86 28
0.94031 86 30
0.94079 86 32
0.94035 86 34
0.93943 86 36
0.94047 86 38
0.93975 86 40
0.94014 86 42
0.94114 86 44
0.94133 86 46
0.94054 86 48
0.94085 86 50
0.94019 86 52
0.94002 86 54
0.93793 86 56
0.94069 86 58
0.93934 86 60
0.93959 86 62
0.93821 86 64
0.93976 86 66
0.93923 86 68
0.94090 86 70
0.93972 86 72
0.94027 86 74
0.94037 86 76
0.94073 86 78
0.94131 86 80
0.94130 86 82
0.94035 86 84
0.94053 86 86
0.94038 86 88
0.94002 86 90
0.94081 86 92
0.94139 86 94
0.94161 86 96
0.94029 86 98
0.94006 86 100
0.93991 86 102
0.94149 86 104
0.94082 86 106
0.94075 86 108
0.94027 86 110
0.94013 86 112
0.94050 86 114
0.94113 86 116
0.94068 86 118
0.94090 86 120
0.94040 86 122
0.94071 86 124
0.94014 86 126
0.94086 86 128
0.94167 86 130
0.94129 86 132
0.94067 86 134
0.94087 86 136
0.93952 86 138
0.94118 86 140
0.94051 86 142
0.93894 86 144
0.94019 86 146
0.94045 86 148
0.93874 86 150
0.94076 86 152
0.93998 86 154
0.93976 86 156
0.94052 86 158
0.94103 86 160
0.94044 86 162
0.94051 86 164
0.94126 86 166
0.93999 86 168
0.93943 86 170
0.94004 86 172
0.93998 86 174
0.94036 86 176
0.94061 86 178
0.94052 86 180
0.93984 86 182
0.94045 86 184
0.93876 86 186
0.94070 86 188
0.94137 86 190
0.94066 86 192
0.93977 86 194
0.93896 86 196
0.93984 86 198
0.94046 86 200
0.93944 86 202
0.94023 86 204
0.94117 86 206
0.94126 86 208
0.94153 86 210
0.94114 86 212
0.94041 86 214
0.93959 86 216
0.94009 86 218
0.93894 88 0
0.93964 88 2
0.93994 88 4
0.94099 88 6
0.94112 88 8
0.93897 88 10
0.94046 88 12
0.94295 88 14
0.94055 88 16
0.93977 88 18
0.94023 88 20
0.93940 88 22
0.94125 88 24
0.93870 88 26
0.93954 88 28
0.94013 88 30
0.94055 88 32
0.94049 88 34
0.94083 88 36
0.93907 88 38
0.93900 88 40
0.94030 88 42
0.94067 88 44
0.94087 88 46
0.93995 88 48
0.93961 88 50
0.94178 88 52
0.93979 88 54
0.94085 88 56
0.93990 88 58
0.94132 88 60
0.94022 88 62
0.94157 88 64
0.94065 88 66
0.94042 88 68
0.94023 88 70
0.93998 88 72
0.94023 88 74
0.93983 88 76
0.94099 88 78
0.94071 88 80
0.94071 88 82
0.94098 88 84
0.94105 88 86
0.94080 88 88
0.93970 88 90
0.94027 88 92
0.94110 88 94
0.94004 88 96
0.94079 88 98
0.94015 88 100
0.94142 88 102
0.94047 88 104
0.94119 88 106
0.94060 88 108
0.94037 88 110
0.94052 88 112
0.94106 88 114
0.94079 88 116
0.94061 88 118
0.94040 88 120
0.94104 88 122
0.94041 88 124
0.93990 88 126
0.94080 88 128
0.93930 88 130
0.93989 88 132
0.94100 88 134
0.94088 88 136
0.94048 88 138
0.94033 88 140
0.93943 88 142
0.94053 88 144
0.94072 88 146
0.94067 88 148
0.93974 88 150
0.93892 88 152
0.94022 88 154
0.94099 88 156
0.94046 88 158
0.93947 88 160
0.93841 88 162
0.94075 88 164
0.94053 88 166
0.94112 88 168
0.94087 88 170
0.93938 88 172
0.94142 88 174
0.94078 88 176
0.93985 88 178
0.94144 88 180
0.94002 88 182
0.93982 88 184
0.94167 88 186
0.93971 88 188
0.94074 88 190
0.94077 88 192
0.94034 88 194
0.94054 88 196
0.94030 88 198
0.94101 88 200
0.93987 88 202
0.94100 88 204
0.94113 88 206
0.94151 88 208
0.93976 88 210
0.93876 88 212
0.94019 88 214
0.94051 88 216
0.94046 88 218
0.94146 90 0
0.94063 90 2
0.94142 90 4
0.94094 90 6
0.94217 90 8
0.94053 90 10
0.94022 90 12
0.94092 90 14
0.94104 90 16
0.94097 90 18
0.94022 90 20
0.94062 90 22
0.94041 90 24
0.93939 90 26
0.93995 90 28
0.93982 90 30
0.93993 90 32
0.93995 90 34
0.93910 90 36
0.94149 90 38
0.93898 90 40
0.94128 90 42
0.94025 90 44
0.94032 90 46
0.94062 90 48
0.93982 90 50
0.94045 90 52
0.94095 90 54
0.94057 90 56
0.94061 90 58
0.94156 90 60
0.94050 90 62
0.94093 90 64
0.94063 90 66
0.94097 90 68
0.94118 90 70
0.94046 90 72
0.93980 90 74
0.94040 90 76
0.94023 90 78
0.94042 90 80
0.94065 90 82
0.94092 90 84
0.94056 90 86
0.93983 90 88
0.94048 90 90
0.94144 90 92
0.94025 90 94
0.94122 90 96
0.94096 90 98
0.94083 90 100
0.94048 90 102
0.94111 90 104
0.94049 90 106
0.93961 90 108
0.94048 90 110
0.94195 90 112
0.94045 90 114
0.94068 90 116
0.94042 90 118
0.94021 90 120
0.94074 90 122
0.94020 90 124
0.94092 90 126
0.94102 90 128
0.94068 90 130
0.94049 90 132
0.94042 90 134
0.94011 90 136
0.94065 90 138
0.94043 90 140
0.94040 90 142
0.93995 90 144
0.93918 90 146
0.94065 90 148
0.93913 90 150
0.94128 90 152
0.94070 90 154
0.94104 90 156
0.94041 90 158
0.94016 90 160
0.93921 90 162
0.93833 90 164
0.94038 90 166
0.94041 90 168
0.93976 90 170
0.94087 90 172
0.94099 90 174
0.94056 90 176
0.94019 90 178
0.94091 90 180
0.94064 90 182
0.94009 90 184
0.93733 90 186
0.94076 90 188
0.94028 90 190
0.94047 90 192
0.94122 90 194
0.93755 90 196
0.93948 90 198
0.93964 90 200
0.94094 90 202
0.94086 90 204
0.94070 90 206
0.94121 90 208
0.93924 90 210
0.94040 90 212
0.93977 90 214
0.94145 90 216
0.94056 90 218
0.93501 92 0
0.94059 92 2
0.93845 92 4
0.93794 92 6
0.94073 92 8
0.94034 92 10
0.93976 92 12
0.94157 92 14
0.94042 92 16
0.94113 92 18
0.93920 92 20
0.94015 92 22
0.93927 92 24
0.93851 92 26
0.94022 92 28
0.94105 92 30
0.94135 92 32
0.94065 92 34
0.94040 92 36
0.94045 92 38
0.93960 92 40
0.94114 92 42
0.94058 92 44
0.94144 92 46
0.93921 92 48
0.93983 92 50
0.93960 92 52
0.93979 92 54
0.94015 92 56
0.93920 92 58
0.94037 92 60
0.94060 92 62
0.94005 92 64
0.94019 92 66
0.94125 92 68
0.93978 92 70
0.94113 92 72
0.94068 92 74
0.94099 92 76
0.94080 92 78
0.94106 92 80
0.94096 92 82
0.94043 92 84
0.94062 92 86
0.94039 92 88
0.94125 92 90
0.94082 92 92
0.94051 92 94
0.94066 92 96
0.94069 92 98
0.94069 92 100
0.94041 92 102
0.94080 92 104
0.94008 92 106
0.94036 92 108
0.94054 92 110
0.94050 92 112
0.94050 92 114
0.94082 92 116
0.94083 92 118
0.94014 92 120
0.94142 92 122
0.94086 92 124
0.94105 92 126
0.94071 92 128
0.93997 92 130
0.94048 92 132
0.94118 92 134
0.93942 92 136
0.94071 92 138
0.94100 92 140
0.94121 92 142
0.94080 92 144
0.94093 92 146
0.94074 92 148
0.94051 92 150
0.94030 92 152
0.94043 92 154
0.94139 92 156
0.93925 92 158
0.94063 92 160
0.94052 92 162
0.94009 92 164
0.93876 92 166
0.94077 92 168
0.93972 92 170
0.94053 92 172
0.94025 92 174
0.94005 92 176
0.94097 92 178
0.94042 92 180
0.94028 92 182
0.93978 92 184
0.94015 92 186
0.94069 92 188
0.94008 92 190
0.94028 92 192
0.94035 92 194
0.94067 92 196
0.94046 92 198
0.93992 92 200
0.94109 92 202
0.94103 92 204
0.94058 92 206
0.93998 92 208
0.94082 92 210
0.94010 92 212
0.93823 92 214
0.93976 92 216
0.93905 92 218
0.94384 94 0
0.93987 94 2
0.94069 94 4
0.93969 94 6
0.94072 94 8
0.93987 94 10
0.94007 94 12
0.94150 94 14
0.93993 94 16
0.93998 94 18
0.93996 94 20
0.94095 94 22
0.93958 94 24
0.94033 94 26
0.94045 94 28
0.93992 94 30
0.94029 94 32
0.93946 94 34
0.93924 94 36
0.94111 94 38
0.94078 94 40
0.94062 94 42
0.94083 94 44
0.94001 94 46
0.94025 94 48
0.94036 94 50
0.93966 94 52
0.94044 94 54
0.94075 94 56
0.94093 94 58
0.94041 94 60
0.93897 94 62
0.94030 94 64
0.94058 94 66
0.94115 94 68
0.94065 94 70
0.94052 94 72
0.94149 94 74
0.94057 94 76
0.94047 94 78
0.94063 94 80
0.94053 94 82
0.94030 94 84
0.94085 94 86
0.94053 94 88
0.94080 94 90
0.94077 94 92
0.94142 94 94
0.94083 94 96
0.94107 94 98
0.94134 94 100
0.94026 94 102
0.94038 94 104
0.94022 94 106
0.93982 94 108
0.94046 94 110
0.94062 94 112
0.94100 94 114
0.94020 94 116
0.94013 94 118
0.94030 94 120
0.94015 94 122
0.94157 94 124
0.94019 94 126
0.94139 94 128
0.94054 94 130
0.93955 94 132
0.94017 94 134
0.94007 94 136
0.94075 94 138
0.94005 94 140
0.94057 94 142
0.93991 94 144
0.94052 94 146
0.94079 94 148
0.94082 94 150
0.94146 94 152
0.94122 94 154
0.94060 94 156
0.93926 94 158
0.93877 94 160
0.94092 94 162
0.94051 94 164
0.94077 94 166
0.93936 94 168
0.94085 94 170
0.94052 94 172
0.94026 94 174
0.94088 94 176
0.94156 94 178
0.94109 94 180
0.93997 94 182
0.94050 94 184
0.94003 94 186
0.93963 94 188
0.93919 94 190
0.94051 94 192
0.94073 94 194
0.94105 94 196
0.94072 94 198
0.94063 94 200
0.94057 94 202
0.93931 94 204
0.94059 94 206
0.94094 94 208
0.94082 94 210
0.94065 94 212
0.94151 94 214
0.94031 94 216
0.94063 94 218
0.93868 96 0
0.93950 96 2
0.94072 96 4
0.94010 96 6
0.94045 96 8
0.93987 96 10
0.94089 96 12
0.94086 96 14
0.94054 96 16
0.94124 96 18
0.94057 96 20
0.94012 96 22
0.94014 96 24
0.93956 96 26
0.94014 96 28
0.93946 96 30
0.94088 96 32
0.94055 96 34
0.94073 96 36
0.93968 96 38
0.94035 96 40
0.93961 96 42
0.94136 96 44
0.93987 96 46
0.94101 96 48
0.93975 96 50
0.94153 96 52
0.94055 96 54
0.94005 96 56
0.94159 96 58
0.93906 96 60
0.94060 96 62
0.94048 96 64
0.94008 96 66
0.94033 96 68
0.94084 96 70
0.94062 96 72
0.94051 96 74
0.94080 96 76
0.94037 96 78
0.94020 96 80
0.94061 96 82
0.94064 96 84
0.94075 96 86
0.94119 96 88
0.94061 96 90
0.94059 96 92
0.94085 96 94
0.94044 96 96
0.94071 96 98
0.94110 96 100
0.94068 96 102
0.94022 96 104
0.94072 96 106
0.93966 96 108
0.94060 96 110
0.94055 96 112
0.94062 96 114
0.93973 96 116
0.94141 96 118
0.94005 96 120
0.94016 96 122
0.94088 96 124
0.94007 96 126
0.94017 96 128
0.94100 96 130
0.94042 96 132
0.93993 96 134
0.94083 96 136
0.94035 96 138
0.94063 96 140
0.93982 96 142
0.93980 96 144
0.94004 96 146
0.94032 96 148
0.94058 96 150
0.93969 96 152
0.93952 96 154
0.94080 96 156
0.94092 96 158
0.93994 96 160
0.94043 96 162
0.93985 96 164
0.94003 96 166
0.94022 96 168
0.93987 96 170
0.94017 96 172
0.94055 96 174
0.94092 96 176
0.94005 96 178
0.94033 96 180
0.94012 96 182
0.93943 96 184
0.94063 96 186
0.94097 96 188
0.94025 96 190
0.94025 96 192
0.93955 96 194
0.94015 96 196
0.94071 96 198
0.94038 96 200
0.94074 96 202
0.94081 96 204
0.93834 96 206
0.93999 96 208
0.94069 96 210
0.94106 96 212
0.94048 96 214
0.94081 96 216
0.94197 96 218
0.93866 98 0
0.94007 98 2
0.94084 98 4
0.94055 98 6
0.93894 98 8
0.94029 98 10
0.94180 98 12
0.94106 98 14
0.94072 98 16
0.94019 98 18
0.94040 98 20
0.94084 98 22
0.94087 98 24
0.94000 98 26
0.94123 98 28
0.93924 98 30
0.93900 98 32
0.93909 98 34
0.94166 98 36
0.94042 98 38
0.94020 98 40
0.93940 98 42
0.94160 98 44
0.94138 98 46
0.93937 98 48
0.94081 98 50
0.94079 98 52
0.94018 98 54
0.94003 98 56
0.94082 98 58
0.94029 98 60
0.94062 98 62
0.94148 98 64
0.94129 98 66
0.94086 98 68
0.93972 98 70
0.94056 98 72
0.93972 98 74
0.94022 98 76
0.94087 98 78
0.94074 98 80
0.93947 98 82
0.94048 98 84
0.94087 98 86
0.94005 98 88
0.94149 98 90
0.94088 98 92
0.94110 98 94
0.94076 98 96
0.94054 98 98
0.94062 98 100
0.94094 98 102
0.94113 98 104
0.94044 98 106
0.94084 98 108
0.94075 98 110
0.94088 98 112
0.94055 98 114
0.94063 98 116
0.93975 98 118
0.94055 98 120
0.94039 98 122
0.93983 98 124
0.94052 98 126
0.94012 98 128
0.94028 98 130
0.94047 98 132
0.94046 98 134
0.94055 98 136
0.94052 98 138
0.94097 98 140
0.94065 98 142
0.94071 98 144
0.94100 98 146
0.94078 98 148
0.94031 98 150
0.93966 98 152
0.94023 98 154
0.94024 98 156
0.93960 98 158
0.94188 98 160
0.94159 98 162
0.93945 98 164
0.93872 98 166
0.94023 98 168
0.94057 98 170
0.94093 98 172
0.94172 98 174
0.94072 98 176
0.94089 98 178
0.94015 98 180
0.93995 98 182
0.93998 98 184
0.94034 98 186
0.94120 98 188
0.94045 98 190
0.94060 98 192
0.94106 98 194
0.94099 98 196
0.93995 98 198
0.94050 98 200
0.94130 98 202
0.93928 98 204
0.94035 98 206
0.93891 98 208
0.94111 98 210
0.94039 98 212
0.94109 98 214
0.94082 98 216
0.94024 98 218
0.93063 100 0
0.94104 100 2
0.94157 100 4
0.93920 100 6
0.93879 100 8
0.94028 100 10
0.94017 100 12
0.94014 100 14
0.94080 100 16
0.93830 100 18
0.93942 100 20
0.94215 100 22
0.93878 100 24
0.94064 100 26
0.94069 100 28
0.94077 100 30
0.94046 100 32
0.94028 100 34
0.94039 100 36
0.93934 100 38
0.94024 100 40
0.94065 100 42
0.94067 100 44
0.94009 100 46
0.94091 100 48
0.94071 100 50
0.94205 100 52
0.94116 100 54
0.94061 100 56
0.94051 100 58
0.94119 100 60
0.94036 100 62
0.94070 100 64
0.94011 100 66
0.94026 100 68
0.94078 100 70
0.93989 100 72
0.94082 100 74
0.94047 100 76
0.94103 100 78
0.94013 100 80
0.94117 100 82
0.93998 100 84
0.94059 100 86
0.94023 100 88
0.94003 100 90
0.94070 100 92
0.94010 100 94
0.94098 100 96
0.94036 100 98
0.94094 100 100
0.94055 100 102
0.93966 100 104
0.94055 100 106
0.94047 100 108
0.94055 100 110
0.94094 100 112
0.94117 100 114
0.94076 100 116
0.94025 100 118
0.94086 100 120
0.94079 100 122
0.94150 100 124
0.94005 100 126
0.94055 100 128
0.94121 100 130
0.94007 100 132
0.94063 100 134
0.94079 100 136
0.94049 100 138
0.94037 100 140
0.94044 100 142
0.94095 100 144
0.94067 100 146
0.94101 100 148
0.93969 100 150
0.93928 100 152
0.94103 100 154
0.94194 100 156
0.94017 100 158
0.94016 100 160
0.93996 100 162
0.94076 100 164
0.93991 100 166
0.94077 100 168
0.94020 100 170
0.93923 100 172
0.93957 100 174
0.94008 100 176
0.94078 100 178
0.94039 100 180
0.93937 100 182
0.94035 100 184
0.94083 100 186
0.94064 100 188
0.94100 100 190
0.94081 100 192
0.93998 100 194
0.93730 100 196
0.94146 100 198
0.94070 100 200
0.94029 100 202
0.94093 100 204
0.94002 100 206
0.94111 100 208
0.94051 100 210
0.93894 100 212
0.93954 100 214
0.94142 100 216
0.94033 100 218
0.93893 102 0
0.94088 102 2
0.93986 102 4
0.94045 102 6
0.94027 102 8
0.93967 102 10
0.93889 102 12
0.94016 102 14
0.94152 102 16
0.94064 102 18
0.93897 102 20
0.93961 102 22
0.94011 102 24
0.94091 102 26
0.93924 102 28
0.94102 102 30
0.94034 102 32
0.93975 102 34
0.93969 102 36
0.94077 102 38
0.94145 102 40
0.94009 102 42
0.94067 102 44
0.94073 102 46
0.93860 102 48
0.94027 102 50
0.94081 102 52
0.94089 102 54
0.94042 102 56
0.93999 102 58
0.94041 102 60
0.94032 102 62
0.94042 102 64
0.94055 102 66
0.93977 102 68
0.94009 102 70
0.94020 102 72
0.93989 102 74
0.94128 102 76
0.93983 102 78
0.94028 102 80
0.94081 102 82
0.94043 102 84
0.94028 102 86
0.94118 102 88
0.94041 102 90
0.94132 102 92
0.94080 102 94
0.94040 102 96
0.93976 102 98
0.94082 102 100
0.94066 102 102
0.94059 102 104
0.94047 102 106
0.94072 102 108
0.94028 102 110
0.94005 102 112
0.94060 102 114
0.94077 102 116
0.94039 102 118
0.94091 102 120
0.94066 102 122
0.94030 102 124
0.94036 102 126
0.94107 102 128
0.94015 102 130
0.93996 102 132
0.94036 102 134
0.94039 102 136
0.94080 102 138
0.94086 102 140
0.94052 102 142
0.93915 102 144
0.93981 102 146
0.94057 102 148
0.94076 102 150
0.94037 102 152
0.94012 102 154
0.94069 102 156
0.93964 102 158
0.93992 102 160
0.94090 102 162
0.94108 102 164
0.94039 102 166
0.94049 102 168
0.94034 102 170
0.94116 102 172
0.93969 102 174
0.94002 102 176
0.94071 102 178
0.94040 102 180
0.94091 102 182
0.94074 102 184
0.94091 102 186
0.93998 102 188
0.94069 102 190
0.94082 102 192
0.94060 102 194
0.94024 102 196
0.94061 102 198
0.94151 102 200
0.94061 102 202
0.94071 102 204
0.94125 102 206
0.93979 102 208
0.93959 102 210
0.93815 102 212
0.93860 102 214
0.94087 102 216
0.94016 102 218
0.94203 104 0
0.93978 104 2
0.94078 104 4
0.94107 104 6
0.94138 104 8
0.94057 104 10
0.93947 104 12
0.93984 104 14
0.94026 104 16
0.94142 104 18
0.93993 104 20
0.94075 104 22
0.94023 104 24
0.94096 104 26
0.94007 104 28
0.93965 104 30
0.94073 104 32
0.94054 104 34
0.93912 104 36
0.94104 104 38
0.94010 104 40
0.93983 104 42
0.93869 104 44
0.93983 104 46
0.94123 104 48
0.94005 104 50
0.94072 104 52
0.94040 104 54
0.93959 104 56
0.94084 104 58
0.94087 104 60
0.94135 104 62
0.94010 104 64
0.94107 104 66
0.94060 104 68
0.94062 104 70
0.94018 104 72
0.94022 104 74
0.94049 104 76
0.94004 104 78
0.93997 104 80
0.94181 104 82
0.94065 104 84
0.93963 104 86
0.94064 104 88
0.94062 104 90
0.94022 104 92
0.94112 104 94
0.94055 104 96
0.94021 104 98
0.94011 104 100
0.94019 104 102
0.94062 104 104
0.94072 104 106
0.93990 104 108
0.94037 104 110
0.94059 104 112
0.94009 104 114
0.94035 104 116
0.94152 104 118
0.94022 104 120
0.94161 104 122
0.94074 104 124
0.94075 104 126
0.94058 104 128
0.94095 104 130
0.94098 104 132
0.94070 104 134
0.94094 104 136
0.94082 104 138
0.94054 104 140
0.94076 104 142
0.94052 104 144
0.94092 104 146
0.93976 104 148
0.94009 104 150
0.94050 104 152
0.94135 104 154
0.94100 104 156
0.94084 104 158
0.94013 104 160
0.93985 104 162
0.94075 104 164
0.94076 104 166
0.94102 104 168
0.93967 104 170
0.94089 104 172
0.93969 104 174
0.94067 104 176
0.94081 104 178
0.94133 104 180
0.93950 104 182
0.94008 104 184
0.94043 104 186
0.93896 104 188
0.94009 104 190
0.93997 104 192
0.94102 104 194
0.94071 104 196
0.93982 104 198
0.94078 104 200
0.94040 104 202
0.94032 104 204
0.94082 104 206
0.94016 104 208
0.93987 104 210
0.93941 104 212
0.94041 104 214
0.94025 104 216
0.94008 104 218
0.94272 106 0
0.93898 106 2
0.94115 106 4
0.94041 106 6
0.94080 106 8
0.94034 106 10
0.94027 106 12
0.94142 106 14
0.93849 106 16
0.94288 106 18
0.94125 106 20
0.93945 106 22
0.94044 106 24
0.94098 106 26
0.94066 106 28
0.94109 106 30
0.93976 106 32
0.94022 106 34
0.93993 106 36
0.94083 106 38
0.94045 106 40
0.94037 106 42
0.94131 106 44
0.94077 106 46
0.94038 106 48
0.94022 106 50
0.94100 106 52
0.94140 106 54
0.94109 106 56
0.94062 106 58
0.94030 106 60
0.94130 106 62
0.94057 106 64
0.94036 106 66
0.94061 106 68
0.94052 106 70
0.94035 106 72
0.94072 106 74
0.94065 106 76
0.94026 106 78
0.93987 106 80
0.94038 106 82
0.94049 106 84
0.94120 106 86
0.94094 106 88
0.94008 106 90
0.94086 106 92
0.94001 106 94
0.94111 106 96
0.94072 106 98
0.94081 106 100
0.94044 106 102
0.94055 106 104
0.94055 106 106
0.94076 106 108
0.94082 106 110
0.94066 106 112
0.94003 106 114
0.94035 106 116
0.94095 106 118
0.93992 106 120
0.94060 106 122
0.94116 106 124
0.94104 106 126
0.94036 106 128
0.94001 106 130
0.93999 106 132
0.94106 106 134
0.94053 106 136
0.94027 106 138
0.94095 106 140
0.94132 106 142
0.94079 106 144
0.94055 106 146
0.94013 106 148
0.94077 106 150
0.94075 106 152
0.94117 106 154
0.93979 106 156
0.94118 106 158
0.93954 106 160
0.94110 106 162
0.93993 106 164
0.94116 106 166
0.94018 106 168
0.94021 106 170
0.93966 106 172
0.94027 106 174
0.94061 106 176
0.94077 106 178
0.94044 106 180
0.94095 106 182
0.94073 106 184
0.94026 106 186
0.94086 106 188
0.94027 106 190
0.94112 106 192
0.94078 106 194
0.94072 106 196
0.94003 106 198
0.94050 106 200
0.94052 106 202
0.93963 106 204
0.93999 106 206
0.94037 106 208
0.93998 106 210
0.93908 106 212
0.94130 106 214
0.94073 106 216
0.94048 106 218
0.94121 108 0
0.93998 108 2
0.94064 108 4
0.94000 108 6
0.94127 108 8
0.94032 108 10
0.94136 108 12
0.93994 108 14
0.94029 108 16
0.93939 108 18
0.93906 108 20
0.94061 108 22
0.94024 108 24
0.94071 108 26
0.94081 108 28
0.94069 108 30
0.93956 108 32
0.94097 108 34
0.93948 108 36
0.94026 108 38
0.94017 108 40
0.94105 108 42
0.94142 108 44
0.94033 108 46
0.94085 108 48
0.93984 108 50
0.94073 108 52
0.94064 108 54
0.94087 108 56
0.94118 108 58
0.94058 108 60
0.94091 108 62
0.94021 108 64
0.94057 108 66
0.94094 108 68
0.94069 108 70
0.94058 108 72
0.93963 108 74
0.94028 108 76
0.94081 108 78
0.94100 108 80
0.94082 108 82
0.94088 108 84
0.94064 108 86
0.94059 108 88
0.94085 108 90
0.94029 108 92
0.94068 108 94
0.94076 108 96
0.94009 108 98
0.94079 108 100
0.94012 108 102
0.94044 108 104
0.94021 108 106
0.94132 108 108
0.94073 108 110
0.94019 108 112
0.94011 108 114
0.94033 108 116
0.94080 108 118
0.94117 108 120
0.94070 108 122
0.94123 108 124
0.94095 108 126
0.94090 108 128
0.94105 108 130
0.94014 108 132
0.94092 108 134
0.94086 108 136
0.94093 108 138
0.94053 108 140
0.94125 108 142
0.94071 108 144
0.94173 108 146
0.94071 108 148
0.94007 108 150
0.94209 108 152
0.94039 108 154
0.93928 108 156
0.94058 108 158
0.94050 108 160
0.94067 108 162
0.94080 108 164
0.94021 108 166
0.93937 108 168
0.94055 108 170
0.93910 108 172
0.94092 108 174
0.94110 108 176
0.94087 108 178
0.94032 108 180
0.94073 108 182
0.94041 108 184
0.94001 108 186
0.94096 108 188
0.93986 108 190
0.93995 108 192
0.93998 108 194
0.94085 108 196
0.94114 108 198
0.94055 108 200
0.94010 108 202
0.94033 108 204
0.94030 108 206
0.94183 108 208
0.93958 108 210
0.94080 108 212
0.94041 108 214
0.94025 108 216
0.93959 108 218
