0.99056 0 1
0.98262 1 3
0.98300 2 6
0.96082 3 11
0.97389 4 17
0.97317 5 26
0.97695 6 35
0.99308 7 45
0.99535 8 58
0.99643 9 73
0.99468 10 90
0.99296 11 106
0.99253 12 123
0.99124 13 146
0.98923 14 168
0.98930 15 193
0.98763 16 216
0.98610 17 243
0.98296 18 271
0.96102 19 302
0.96978 20 335
0.96371 21 365
0.95070 22 402
0.94364 23 437
0.95243 24 473
0.95318 25 516
0.92915 26 557
0.91964 27 600
0.96156 28 642
0.95619 29 687
0.93905 30 736
0.95593 31 782
0.94183 32 835
0.93931 33 886
0.94197 34 941
0.95602 35 999
0.95280 36 1050
0.96191 37 1111
0.95930 38 1167
0.94296 39 1234
0.94514 40 1297
0.94931 41 1357
0.94035 42 1424
0.94710 43 1491
0.93497 44 1564
0.93738 45 1636
0.92883 46 1703
0.92989 47 1778
0.92632 48 1852
0.91429 49 1931
0.92764 50 2012
0.92962 51 2095
0.93544 52 2177
0.93249 53 2256
0.93256 54 2341
0.91782 55 2425
0.90185 56 2518
0.91696 57 2605
0.93896 58 2698
0.93639 59 2788
0.94199 60 2883
0.94527 61 2982
0.94483 62 3078
0.94268 63 3177
0.95422 64 3278
0.94852 65 3384
0.94519 66 3485
0.93021 67 3586
0.94460 68 3695
0.92976 69 3807
0.93718 70 3914
0.92445 71 4025
0.92663 72 4133
0.90587 73 4256
0.90022 74 4373
0.89944 75 4492
0.88979 76 4608
0.91203 77 4729
0.92108 78 4856
0.93318 79 4974
0.92956 80 5101
0.91984 81 5230
0.91396 82 5358
0.92819 83 5491
0.93175 84 5618
0.93206 85 5761
0.93443 86 5891
0.92963 87 6030
0.93324 88 6167
0.93622 89 6301
0.93396 90 6452
0.94573 91 6591
0.94356 92 6734
0.93917 93 6880
0.94079 94 7027
0.94616 95 7182
0.94131 96 7326
0.93281 97 7479
0.94129 98 7636
0.94227 99 7789
0.93191 100 7955
0.93601 101 8106
0.94036 102 8273
0.93487 103 8433
0.94352 104 8592
0.93781 105 8761
0.93567 106 8923
0.93754 107 9096
0.93053 108 9265
0.94306 109 9434
0.93968 110 9604
0.95059 111 9747
0.94452 112 9882
0.94836 113 10006
0.94708 114 10123
0.95088 115 10240
0.94476 116 10347
0.94633 117 10447
0.94490 118 10540
0.94344 119 10637
0.93998 120 10729
0.94144 121 10812
0.94071 122 10891
0.94221 123 10967
0.94535 124 11048
0.93992 125 11119
0.94692 126 11190
0.94347 127 11252
0.94418 128 11315
0.94700 129 11378
0.94324 130 11434
0.94589 131 11491
0.94417 132 11540
0.94497 133 11591
0.94351 134 11639
0.94127 135 11682
0.94331 136 11727
0.94127 137 11765
0.94144 138 11804
0.94415 139 11839
0.94205 140 11867
0.94282 141 11902
0.94505 142 11929
0.94117 143 11956
0.94000 144 11980
0.94395 145 12001
0.94642 146 12022
0.94284 147 12034
0.94409 148 12055
0.94350 149 12064
0.94501 150 12079
0.94445 151 12085
0.94606 152 12090
0.94366 153 12097
0.94363 154 12099
