0.99982 0.00017 0.00000 0.00000 0.00000 0 0
0.48343 0.24078 0.00125 0.15498 0.11955 10 85
0.38762 0.39169 0.07008 0.10788 0.04274 20 330
0.19737 0.17933 0.53217 0.03907 0.05206 30 731
0.08092 0.24836 0.64304 0.01297 0.01471 40 1292
0.07967 0.21222 0.61495 0.08280 0.01036 50 2005
0.11391 0.52434 0.28346 0.06002 0.01827 60 2878
0.01495 0.81014 0.01074 0.16288 0.00128 70 3909
0.23560 0.43121 0.14921 0.17015 0.01383 80 5096
0.05066 0.65929 0.05869 0.22627 0.00509 90 6447
0.10095 0.59947 0.03686 0.25617 0.00655 100 7948
0.04346 0.45334 0.16349 0.33501 0.00470 110 9509
0.05895 0.68516 0.03436 0.21899 0.00254 120 10858
0.95989 0.03969 0.00035 0.00006 0.00002 0 0
0.56834 0.22479 0.02862 0.10655 0.07169 10 85
0.60768 0.27721 0.01931 0.04972 0.04608 20 330
0.40204 0.20983 0.31357 0.06836 0.00620 30 731
0.32967 0.34908 0.24400 0.05682 0.02042 40 1292
0.11002 0.34992 0.33313 0.19109 0.01584 50 2005
0.06437 0.81745 0.03979 0.07339 0.00500 60 2878
0.30610 0.57331 0.01401 0.09474 0.01185 70 3909
0.15964 0.35791 0.06192 0.41222 0.00830 80 5096
0.07237 0.43994 0.02702 0.45616 0.00451 90 6447
0.06423 0.19226 0.01690 0.72272 0.00390 100 7948
0.13488 0.18941 0.05282 0.61370 0.00918 110 9601
0.33937 0.03596 0.10365 0.49880 0.02222 120 11406
0.99075 0.00265 0.00030 0.00566 0.00064 0 0
0.96340 0.00745 0.00143 0.02399 0.00373 10 85
0.57421 0.21562 0.08939 0.10423 0.01655 20 330
0.06420 0.36903 0.52895 0.02836 0.00946 30 731
0.12039 0.71317 0.09897 0.04137 0.02609 40 1292
0.11681 0.75224 0.09337 0.02358 0.01399 50 2005
0.35672 0.33525 0.04568 0.24721 0.01514 60 2878
0.36254 0.40368 0.12729 0.09119 0.01531 70 3909
0.27039 0.42598 0.11813 0.16712 0.01838 80 5096
0.11415 0.44575 0.14488 0.28140 0.01381 90 6447
0.22368 0.25077 0.16257 0.34056 0.02241 100 7948
0.30826 0.22827 0.06031 0.38923 0.01393 110 9539
0.20164 0.08258 0.38228 0.29262 0.04088 120 10915
0.73686 0.05958 0.02142 0.17507 0.00708 0 0
0.28021 0.02868 0.06488 0.51667 0.10956 10 85
0.58185 0.24120 0.02193 0.12470 0.03033 20 330
0.11963 0.14068 0.70597 0.02795 0.00577 30 731
0.19026 0.39358 0.35102 0.04827 0.01687 40 1292
0.21737 0.66152 0.02047 0.09619 0.00446 50 2005
0.07097 0.75642 0.01231 0.15590 0.00440 60 2878
0.08726 0.71446 0.00720 0.18877 0.00230 70 3909
0.21409 0.54225 0.01497 0.22681 0.00188 80 5096
0.29681 0.43441 0.01059 0.25582 0.00236 90 6447
0.09030 0.32522 0.03522 0.54407 0.00519 100 7948
0.19454 0.21586 0.06842 0.51300 0.00818 110 9601
0.14795 0.29484 0.06153 0.49117 0.00451 120 11253
0.14532 0.00635 0.12546 0.64735 0.07551 0 0
0.32215 0.12846 0.07452 0.39977 0.07510 10 85
0.70621 0.04501 0.01633 0.18176 0.05069 20 330
0.17719 0.62440 0.14748 0.03664 0.01429 30 731
0.03468 0.82899 0.04400 0.08125 0.01108 40 1292
0.12167 0.15266 0.58614 0.12686 0.01267 50 2005
0.08947 0.80067 0.04510 0.05398 0.01078 60 2878
0.14182 0.63749 0.13235 0.07036 0.01798 70 3909
0.03324 0.52544 0.02655 0.40866 0.00611 80 5096
0.19206 0.24508 0.02875 0.51981 0.01431 90 6447
0.13404 0.34756 0.03128 0.48046 0.00666 100 7948
0.14671 0.31686 0.11242 0.41233 0.01167 110 9601
0.28351 0.05641 0.04142 0.60669 0.01197 120 11422
0.94552 0.05402 0.00026 0.00003 0.00017 0 0
0.13313 0.08764 0.00784 0.55103 0.22036 10 85
0.68930 0.06453 0.05547 0.15414 0.03656 20 330
0.10321 0.67035 0.06818 0.13465 0.02362 30 731
0.05451 0.80029 0.01200 0.11003 0.02316 40 1292
0.08249 0.79362 0.01032 0.10263 0.01093 50 2005
0.07971 0.63666 0.01187 0.23160 0.04016 60 2878
0.13417 0.20787 0.02674 0.59558 0.03564 70 3909
0.11056 0.29068 0.03495 0.54222 0.02160 80 5096
0.12173 0.10827 0.07746 0.64290 0.04964 90 6447
0.14074 0.15410 0.04074 0.60167 0.06276 100 7948
0.13382 0.25045 0.06174 0.53914 0.01484 110 9601
0.15274 0.24710 0.04056 0.53366 0.02594 120 11422
0.95197 0.04777 0.00023 0.00001 0.00003 0 0
0.75525 0.11719 0.00120 0.06116 0.06520 10 85
0.51473 0.06317 0.01476 0.37170 0.03564 20 330
0.35668 0.54039 0.05434 0.03563 0.01297 30 731
0.19811 0.44430 0.31402 0.04021 0.00337 40 1292
0.06015 0.40989 0.11150 0.40806 0.01040 50 2005
0.13111 0.42662 0.17701 0.25390 0.01136 60 2878
0.15685 0.73184 0.01494 0.08598 0.01039 70 3909
0.09104 0.50683 0.00957 0.38834 0.00422 80 5096
0.09402 0.44597 0.01424 0.43942 0.00634 90 6447
0.15157 0.40478 0.01535 0.41819 0.01012 100 7948
0.21001 0.32249 0.01727 0.44150 0.00874 110 9601
0.28793 0.09017 0.01204 0.60141 0.00846 120 11422
0.79270 0.17237 0.01043 0.01708 0.00742 0 0
0.76498 0.06621 0.03144 0.10369 0.03367 10 85
0.37948 0.44012 0.05765 0.07527 0.04748 20 330
0.45683 0.27005 0.19732 0.05300 0.02280 30 731
0.07265 0.74057 0.08941 0.06657 0.03081 40 1292
0.11731 0.68821 0.06325 0.10630 0.02493 50 2005
0.02854 0.58403 0.06305 0.30973 0.01465 60 2878
0.03988 0.78171 0.05638 0.11867 0.00335 70 3909
0.03356 0.70120 0.07818 0.18274 0.00432 80 5096
0.03848 0.61111 0.10118 0.24310 0.00613 90 6447
0.02753 0.55454 0.07611 0.33768 0.00413 100 7948
0.00562 0.80414 0.08476 0.10443 0.00105 110 9601
0.04830 0.50758 0.17485 0.26210 0.00717 120 11422
0.84988 0.11332 0.01528 0.02023 0.00128 0 0
0.46760 0.39051 0.02371 0.02302 0.09515 10 85
0.64995 0.10704 0.03002 0.17568 0.03731 20 330
0.21701 0.44860 0.29945 0.02626 0.00868 30 731
0.05478 0.67174 0.22108 0.04107 0.01133 40 1292
0.03287 0.76605 0.06321 0.12812 0.00975 50 2005
0.03193 0.81928 0.06273 0.08386 0.00220 60 2878
0.04331 0.74351 0.03541 0.17606 0.00171 70 3909
0.04196 0.39663 0.06923 0.48592 0.00626 80 5096
0.05949 0.36955 0.10600 0.45799 0.00696 90 6447
0.06399 0.41273 0.06334 0.45433 0.00562 100 7948
0.03847 0.54937 0.05897 0.34846 0.00472 110 9601
0.04869 0.18221 0.13027 0.62988 0.00894 120 11422
0.41908 0.56723 0.00428 0.00429 0.00512 0 0
0.53858 0.05221 0.00350 0.26910 0.13661 10 85
0.37210 0.13187 0.01603 0.44803 0.03197 20 330
0.11653 0.50357 0.13283 0.22862 0.01845 30 731
0.06159 0.74627 0.14081 0.03985 0.01148 40 1292
0.10064 0.39113 0.03236 0.46154 0.01432 50 2005
0.05472 0.50307 0.03821 0.39655 0.00745 60 2878
0.06650 0.25351 0.02891 0.62978 0.02131 70 3909
0.20490 0.45615 0.04424 0.28578 0.00893 80 5096
0.17873 0.22882 0.04441 0.53917 0.00887 90 6447
0.21337 0.27824 0.07119 0.42455 0.01265 100 7948
0.09123 0.16079 0.04961 0.69067 0.00770 110 9601
0.37475 0.11767 0.07658 0.41771 0.01329 120 11422
0.98115 0.01874 0.00003 0.00002 0.00007 0 0
0.68569 0.25875 0.00145 0.02310 0.03101 10 85
0.90912 0.04477 0.01069 0.02216 0.01325 20 330
0.09271 0.26118 0.55302 0.07638 0.01671 30 731
0.10953 0.59342 0.23839 0.03394 0.02472 40 1292
0.17303 0.30203 0.33278 0.16727 0.02489 50 2005
0.11359 0.62709 0.22289 0.03217 0.00427 60 2878
0.19025 0.37317 0.28378 0.11967 0.03313 70 3909
0.07477 0.32401 0.06820 0.52223 0.01079 80 5096
0.48346 0.17576 0.03473 0.29414 0.01191 90 6447
0.38792 0.25717 0.03514 0.31303 0.00674 100 7948
0.40408 0.33948 0.02852 0.22388 0.00404 110 9601
0.26870 0.31683 0.04181 0.36698 0.00568 120 11422
0.95401 0.04556 0.00009 0.00004 0.00030 0 0
0.55331 0.09147 0.00146 0.21811 0.13565 10 85
0.54525 0.13177 0.02264 0.25641 0.04393 20 330
0.19017 0.59725 0.10328 0.08526 0.02404 30 731
0.10971 0.60949 0.22193 0.04977 0.00910 40 1292
0.02389 0.84984 0.05417 0.06871 0.00339 50 2005
0.05902 0.73283 0.07949 0.11851 0.01015 60 2878
0.11091 0.79852 0.01465 0.07276 0.00316 70 3909
0.04294 0.48127 0.03865 0.42984 0.00730 80 5096
0.08069 0.30360 0.23813 0.35526 0.02232 90 6447
0.27651 0.39850 0.01866 0.29519 0.01114 100 7948
0.19242 0.26173 0.07134 0.46188 0.01263 110 9601
0.10038 0.12506 0.08209 0.67845 0.01401 120 11422
0.94367 0.05505 0.00071 0.00055 0.00003 0 0
0.67899 0.13862 0.00600 0.10678 0.06961 10 85
0.70018 0.13236 0.12884 0.02557 0.01305 20 330
0.19976 0.63128 0.12797 0.02415 0.01685 30 731
0.02988 0.60939 0.26358 0.08620 0.01095 40 1292
0.06806 0.51949 0.37589 0.02617 0.01039 50 2005
0.02385 0.85490 0.02761 0.08907 0.00458 60 2878
0.07182 0.75376 0.03760 0.13296 0.00386 70 3909
0.02603 0.82791 0.06725 0.07555 0.00327 80 5096
0.16386 0.68487 0.03097 0.11325 0.00706 90 6447
0.20596 0.55192 0.01623 0.21933 0.00655 100 7948
0.18914 0.70050 0.02027 0.08737 0.00272 110 9601
0.18315 0.62001 0.03793 0.15485 0.00406 120 11422
0.99645 0.00332 0.00013 0.00004 0.00005 0 0
0.40514 0.33534 0.00371 0.20264 0.05317 10 85
0.68473 0.25250 0.02859 0.02665 0.00753 20 330
0.06811 0.79100 0.10983 0.02729 0.00377 30 731
0.08956 0.79759 0.01510 0.08924 0.00852 40 1292
0.21066 0.50112 0.02494 0.25153 0.01175 50 2005
0.55019 0.33074 0.00865 0.09989 0.01052 60 2878
0.14439 0.14408 0.01300 0.67561 0.02291 70 3909
0.35897 0.33311 0.02543 0.26958 0.01292 80 5096
0.27779 0.40140 0.03588 0.27964 0.00529 90 6433
0.33345 0.24175 0.02197 0.38892 0.01391 100 7584
0.16841 0.21840 0.02559 0.57931 0.00829 110 8640
0.25804 0.30076 0.03958 0.38797 0.01365 120 9657
0.99734 0.00259 0.00006 0.00000 0.00000 0 0
0.71725 0.19833 0.00172 0.02111 0.06159 10 85
0.64870 0.10766 0.03095 0.16169 0.05100 20 330
0.10180 0.79334 0.07870 0.01046 0.01570 30 731
0.06462 0.56470 0.26089 0.06648 0.04331 40 1292
0.12840 0.70816 0.12644 0.02396 0.01303 50 2005
0.02697 0.81448 0.10833 0.04724 0.00298 60 2878
0.09829 0.79238 0.03956 0.06750 0.00228 70 3909
0.02728 0.81706 0.10337 0.04797 0.00433 80 5096
0.05825 0.62773 0.07508 0.23351 0.00542 90 6447
0.02671 0.85518 0.03831 0.07709 0.00271 100 7948
0.24334 0.22310 0.22047 0.28660 0.02649 110 9601
0.23330 0.33245 0.15365 0.26563 0.01497 120 11422
0.78621 0.20221 0.00067 0.00032 0.01059 0 0
0.37196 0.18591 0.01520 0.16190 0.26504 10 85
0.14250 0.09912 0.00364 0.70201 0.05273 20 330
0.07725 0.67821 0.15818 0.06908 0.01727 30 731
0.00488 0.70198 0.00290 0.28821 0.00202 40 1292
0.07279 0.73565 0.00292 0.18680 0.00184 50 2005
0.01675 0.84788 0.00094 0.13279 0.00165 60 2878
0.05814 0.74983 0.00589 0.17980 0.00633 70 3909
0.12068 0.41234 0.01125 0.44341 0.01233 80 5096
0.10850 0.29222 0.02573 0.56528 0.00828 90 6447
0.20659 0.38219 0.02788 0.36742 0.01592 100 7948
0.16471 0.41355 0.03325 0.37282 0.01567 110 9601
0.21002 0.15527 0.07429 0.53809 0.02233 120 11422
0.99883 0.00101 0.00007 0.00000 0.00008 0 0
0.38344 0.35251 0.01845 0.14882 0.09679 10 85
0.64911 0.17365 0.05079 0.09756 0.02889 20 330
0.23278 0.54402 0.14152 0.03973 0.04194 30 731
0.06156 0.32890 0.58348 0.01391 0.01215 40 1292
0.11764 0.36711 0.42366 0.07590 0.01570 50 2005
0.10660 0.62995 0.07500 0.16431 0.02414 60 2878
0.15859 0.42397 0.04333 0.35878 0.01532 70 3909
0.06622 0.30603 0.14305 0.47423 0.01047 80 5096
0.15901 0.37510 0.03397 0.42655 0.00537 90 6447
0.13549 0.06020 0.23389 0.54930 0.02111 100 7948
0.25395 0.21908 0.07025 0.44483 0.01189 110 9601
0.09272 0.15663 0.15955 0.58341 0.00769 120 11422
0.86233 0.11267 0.01491 0.00823 0.00186 0 0
0.39630 0.46479 0.05812 0.04000 0.04080 10 85
0.65372 0.08021 0.10097 0.14940 0.01571 20 330
0.43752 0.20500 0.32371 0.02608 0.00769 30 731
0.15458 0.30979 0.46888 0.04171 0.02504 40 1292
0.02735 0.57055 0.08101 0.30746 0.01363 50 2005
0.09726 0.48316 0.34745 0.06382 0.00831 60 2878
0.03676 0.66185 0.07495 0.22067 0.00577 70 3909
0.05308 0.59302 0.07673 0.27072 0.00646 80 5096
0.02992 0.65990 0.09645 0.21123 0.00249 90 6447
0.01936 0.55177 0.15380 0.27150 0.00356 100 7948
0.04906 0.55555 0.19994 0.19168 0.00377 110 9601
0.09153 0.60685 0.09818 0.20030 0.00313 120 11422
0.77086 0.04730 0.04138 0.00213 0.13832 0 0
0.11916 0.37618 0.00580 0.38210 0.11676 10 85
0.68043 0.09919 0.00626 0.16294 0.05117 20 330
0.27848 0.46597 0.18308 0.04297 0.02949 30 731
0.17846 0.25236 0.20422 0.33623 0.02873 40 1292
0.35656 0.19471 0.17752 0.25493 0.01628 50 2005
0.01352 0.63780 0.00205 0.34537 0.00125 60 2878
0.02432 0.58444 0.02378 0.36478 0.00269 70 3909
0.10360 0.48749 0.01109 0.38910 0.00872 80 5096
0.15080 0.27883 0.01996 0.54311 0.00730 90 6447
0.14137 0.07110 0.04800 0.70921 0.03032 100 7948
0.37991 0.02386 0.03421 0.53655 0.02546 110 9601
0.18416 0.03444 0.09094 0.66115 0.02932 120 11422
0.98463 0.00830 0.00024 0.00481 0.00201 0 0
0.50365 0.25077 0.04819 0.16726 0.03013 10 85
0.30018 0.58699 0.05739 0.04456 0.01088 20 330
0.14227 0.38221 0.42909 0.03032 0.01611 30 731
0.13534 0.53783 0.16219 0.14693 0.01772 40 1292
0.32932 0.02769 0.17352 0.44267 0.02679 50 2005
0.29482 0.00697 0.27564 0.32739 0.09518 60 2878
0.13564 0.00497 0.10715 0.71283 0.03941 70 3909
0.13053 0.00461 0.17317 0.64630 0.04539 80 5096
0.33540 0.01078 0.13055 0.43145 0.09182 90 6447
0.29345 0.00647 0.16145 0.45748 0.08115 100 7630
0.41777 0.01413 0.24110 0.23779 0.08920 110 8705
0.20966 0.00660 0.16327 0.47415 0.14632 120 9738
0.88534 0.11332 0.00071 0.00003 0.00060 0 0
0.24885 0.27797 0.01764 0.25261 0.20293 10 85
0.37129 0.19541 0.29377 0.12118 0.01836 20 330
0.23533 0.14149 0.58874 0.02467 0.00976 30 731
0.14196 0.13266 0.24470 0.45878 0.02190 40 1292
0.07886 0.29122 0.02409 0.59344 0.01239 50 2005
0.15488 0.62475 0.02457 0.18935 0.00646 60 2878
0.06755 0.24337 0.02967 0.63578 0.02363 70 3909
0.12822 0.17824 0.06050 0.60501 0.02803 80 5096
0.05207 0.31150 0.02273 0.60861 0.00509 90 6447
0.08059 0.06073 0.12394 0.72651 0.00823 100 7948
0.26041 0.04547 0.10782 0.56692 0.01938 110 9601
0.07976 0.05472 0.12810 0.72272 0.01469 120 11122
0.99579 0.00278 0.00058 0.00033 0.00052 0 0
0.52547 0.30601 0.01569 0.07284 0.07999 10 85
0.54009 0.25821 0.12570 0.05558 0.02042 20 330
0.53050 0.19638 0.22790 0.02661 0.01860 30 731
0.11464 0.44297 0.23830 0.17462 0.02948 40 1292
0.03444 0.82335 0.08964 0.04300 0.00958 50 2005
0.00794 0.94803 0.02188 0.02007 0.00209 60 2878
0.01200 0.89537 0.02978 0.06037 0.00248 70 3909
0.01728 0.91594 0.01184 0.05289 0.00206 80 5096
0.03507 0.81713 0.00589 0.13995 0.00196 90 6447
0.03730 0.64374 0.05673 0.25801 0.00422 100 7948
0.01917 0.70920 0.03071 0.23773 0.00319 110 9601
0.05378 0.42895 0.05238 0.45740 0.00749 120 11422
0.99474 0.00400 0.00010 0.00024 0.00091 0 0
0.09492 0.04323 0.00032 0.83536 0.02617 10 85
0.35178 0.51751 0.04313 0.08152 0.00605 20 330
0.09349 0.82233 0.00722 0.06936 0.00760 30 731
0.03857 0.82132 0.00629 0.12911 0.00471 40 1292
0.01946 0.60059 0.00599 0.37153 0.00243 50 2005
0.02075 0.70983 0.00070 0.26649 0.00224 60 2878
0.05234 0.83152 0.00185 0.11055 0.00375 70 3909
0.18527 0.53006 0.00489 0.27045 0.00932 80 5096
0.07843 0.52716 0.00971 0.38043 0.00427 90 6447
0.14859 0.49838 0.00515 0.34418 0.00370 100 7948
0.17584 0.58128 0.00622 0.23133 0.00533 110 9601
0.26343 0.36077 0.01697 0.34960 0.00923 120 11422
0.98696 0.00804 0.00074 0.00093 0.00333 0 0
0.12738 0.30130 0.00537 0.45852 0.10744 10 85
0.42497 0.32152 0.04255 0.17777 0.03319 20 330
0.12157 0.45713 0.38016 0.03466 0.00648 30 731
0.11455 0.46692 0.13625 0.23677 0.04551 40 1292
0.14061 0.61167 0.11908 0.12382 0.00482 50 2005
0.02852 0.71115 0.01547 0.23916 0.00570 60 2878
0.02727 0.73825 0.01523 0.21481 0.00444 70 3909
0.03159 0.55203 0.03355 0.37784 0.00499 80 5096
0.00567 0.76073 0.00701 0.22544 0.00116 90 6447
0.06753 0.15877 0.03370 0.72924 0.01076 100 7948
0.03301 0.57647 0.01140 0.37612 0.00300 110 9509
0.06715 0.27649 0.09751 0.55026 0.00860 120 10858
0.78882 0.21026 0.00038 0.00037 0.00017 0 0
0.56971 0.29094 0.01192 0.04268 0.08475 10 85
0.61411 0.11733 0.06595 0.15454 0.04807 20 330
0.09847 0.28141 0.60189 0.01219 0.00603 30 731
0.08208 0.71756 0.05745 0.13105 0.01186 40 1292
0.15496 0.71449 0.06854 0.05299 0.00902 50 2005
0.47796 0.40148 0.03479 0.07534 0.01043 60 2878
0.22053 0.48686 0.02544 0.25615 0.01102 70 3909
0.08058 0.24536 0.02074 0.64485 0.00847 80 5096
0.32791 0.19271 0.01341 0.45617 0.00980 90 6447
0.31127 0.30957 0.01430 0.35524 0.00962 100 7630
0.16135 0.38653 0.03171 0.41592 0.00448 110 8705
0.14432 0.17529 0.03304 0.64140 0.00594 120 9738
0.89883 0.10051 0.00044 0.00017 0.00005 0 0
0.25918 0.56737 0.03214 0.09147 0.04984 10 85
0.69501 0.11973 0.02376 0.11022 0.05128 20 330
0.56305 0.26705 0.09558 0.04554 0.02878 30 731
0.09990 0.66443 0.12626 0.06120 0.04820 40 1292
0.19968 0.31845 0.25178 0.18640 0.04368 50 2005
0.16960 0.40122 0.31617 0.07037 0.04264 60 2878
0.06025 0.46917 0.07213 0.38121 0.01723 70 3909
0.10918 0.41710 0.07874 0.38049 0.01449 80 5096
0.09945 0.14648 0.32074 0.41885 0.01448 90 6447
0.15595 0.03244 0.27254 0.52133 0.01775 100 7948
0.18417 0.05069 0.29539 0.44928 0.02047 110 9601
0.14898 0.04283 0.23021 0.56892 0.00905 120 11384
0.97789 0.02081 0.00079 0.00041 0.00011 0 0
0.60375 0.17734 0.00586 0.11466 0.09840 10 85
0.76894 0.09973 0.01755 0.07820 0.03558 20 330
0.33330 0.37683 0.20717 0.04451 0.03819 30 731
0.11160 0.56926 0.17032 0.09856 0.05025 40 1292
0.01932 0.71796 0.07302 0.17574 0.01396 50 2005
0.02221 0.90923 0.02709 0.03652 0.00494 60 2878
0.01847 0.69725 0.02012 0.25991 0.00425 70 3909
0.01169 0.84581 0.01776 0.12250 0.00225 80 5096
0.20372 0.15882 0.02361 0.58888 0.02497 90 6447
0.07939 0.16921 0.05907 0.68269 0.00964 100 7948
0.07962 0.08701 0.11066 0.71289 0.00982 110 9601
0.10770 0.10018 0.07327 0.71003 0.00882 120 11422
0.95032 0.04576 0.00360 0.00002 0.00029 0 0
0.35827 0.24516 0.00716 0.16025 0.22916 10 85
0.69064 0.19307 0.04136 0.05486 0.02008 20 330
0.06546 0.25201 0.63563 0.04047 0.00642 30 731
0.03938 0.87807 0.02788 0.05076 0.00391 40 1292
0.00719 0.95410 0.00256 0.03475 0.00139 50 2005
0.07688 0.84017 0.00437 0.07728 0.00131 60 2878
0.03976 0.75389 0.01025 0.19303 0.00307 70 3909
0.03108 0.77096 0.01337 0.18274 0.00185 80 5096
0.15303 0.49295 0.01752 0.33183 0.00466 90 6447
0.12573 0.47296 0.01147 0.38033 0.00952 100 7948
0.13899 0.32939 0.01733 0.51103 0.00326 110 9601
0.15288 0.67856 0.00651 0.15905 0.00300 120 11422
0.99459 0.00051 0.00078 0.00109 0.00304 0 0
0.24306 0.24943 0.00462 0.42906 0.07382 10 85
0.47665 0.07280 0.00691 0.38624 0.05739 20 330
0.04584 0.19782 0.65797 0.07288 0.02549 30 731
0.08824 0.38200 0.13273 0.37408 0.02296 40 1292
0.39385 0.08428 0.35567 0.14096 0.02524 50 2005
0.29891 0.27086 0.02725 0.39219 0.01078 60 2878
0.28280 0.17552 0.20438 0.31597 0.02133 70 3909
0.11011 0.37678 0.11152 0.38788 0.01371 80 5096
0.07151 0.24837 0.13811 0.53336 0.00865 90 6447
0.18661 0.03762 0.24114 0.50128 0.03335 100 7948
0.12769 0.12057 0.26600 0.45645 0.02929 110 9601
0.22978 0.07417 0.28056 0.37867 0.03682 120 11422
0.98693 0.01306 0.00001 0.00000 0.00000 0 0
0.55198 0.16373 0.00432 0.14915 0.13083 10 85
0.76585 0.11194 0.07246 0.03477 0.01497 20 330
0.21359 0.42300 0.32588 0.02620 0.01133 30 731
0.09012 0.59712 0.18870 0.08795 0.03611 40 1292
0.08451 0.69536 0.07709 0.11949 0.02355 50 2005
0.03866 0.92258 0.00661 0.02955 0.00260 60 2878
0.04712 0.71792 0.00658 0.22629 0.00208 70 3909
0.16935 0.40866 0.02145 0.38928 0.01126 80 5096
0.07627 0.58489 0.01431 0.32115 0.00338 90 6447
0.15877 0.50151 0.02524 0.30556 0.00893 100 7948
0.08862 0.43848 0.02106 0.44181 0.01003 110 9601
0.11270 0.35870 0.03466 0.47876 0.01518 120 11422
0.86963 0.12336 0.00149 0.00110 0.00442 0 0
0.56798 0.06469 0.00755 0.20720 0.15258 10 85
0.60841 0.23581 0.03406 0.07394 0.04779 20 330
0.24687 0.62579 0.08620 0.01647 0.02467 30 731
0.07394 0.65897 0.17130 0.06087 0.03491 40 1292
0.03407 0.74999 0.07975 0.11870 0.01749 50 2005
0.03530 0.78852 0.08336 0.08229 0.01052 60 2878
0.03064 0.66304 0.03891 0.26153 0.00588 70 3909
0.05322 0.35172 0.04669 0.54158 0.00679 80 5096
0.10678 0.21266 0.02248 0.65059 0.00748 90 6447
0.15234 0.61265 0.02116 0.20821 0.00564 100 7948
0.22427 0.18327 0.01715 0.56642 0.00889 110 9601
0.13881 0.25146 0.06035 0.54469 0.00470 120 11422
0.67018 0.01427 0.00369 0.12032 0.19154 0 0
0.22888 0.05143 0.00786 0.68611 0.02574 10 85
0.43179 0.38361 0.11877 0.06311 0.00271 20 330
0.28441 0.32970 0.29929 0.07752 0.00908 30 731
0.11312 0.54504 0.00397 0.32317 0.01471 40 1292
0.26043 0.34572 0.00585 0.37668 0.01131 50 2005
0.10199 0.72976 0.00071 0.16485 0.00269 60 2878
0.42960 0.36179 0.01541 0.17602 0.01718 70 3909
0.25333 0.53824 0.00142 0.20334 0.00367 80 5096
0.47876 0.38760 0.01094 0.10342 0.01927 90 6447
0.29427 0.50407 0.00166 0.19714 0.00286 100 7860
0.43951 0.44001 0.00219 0.11461 0.00368 110 9065
0.26293 0.53949 0.00296 0.18945 0.00517 120 10200
0.73569 0.08226 0.00513 0.15060 0.02633 0 0
0.26204 0.09056 0.00603 0.62232 0.01905 10 85
0.64724 0.19260 0.09365 0.05120 0.01530 20 330
0.02903 0.04259 0.92142 0.00429 0.00266 30 731
0.12684 0.31299 0.39431 0.14917 0.01668 40 1292
0.16892 0.48861 0.24756 0.07172 0.02319 50 2005
0.11506 0.79764 0.01170 0.07261 0.00300 60 2878
0.24486 0.42140 0.06022 0.26153 0.01198 70 3909
0.18775 0.50686 0.07197 0.22368 0.00974 80 5096
0.30380 0.37577 0.03572 0.27706 0.00765 90 6447
0.23699 0.20069 0.05010 0.49836 0.01386 100 7630
0.12953 0.47135 0.04966 0.34376 0.00570 110 8705
0.12452 0.56168 0.04278 0.26742 0.00360 120 9738
0.91816 0.06600 0.00377 0.00021 0.01186 0 0
0.29314 0.29691 0.01143 0.36209 0.03643 10 85
0.75101 0.06067 0.14720 0.02805 0.01306 20 330
0.18408 0.27376 0.48246 0.04489 0.01480 30 731
0.06872 0.75517 0.07683 0.07234 0.02694 40 1292
0.04765 0.74522 0.07369 0.12001 0.01342 50 2005
0.05971 0.78854 0.04465 0.10009 0.00701 60 2878
0.07502 0.73627 0.00694 0.17524 0.00652 70 3909
0.14298 0.61583 0.02738 0.19920 0.01462 80 5096
0.14681 0.50296 0.01473 0.32922 0.00628 90 6447
0.28602 0.39071 0.02547 0.28261 0.01519 100 7948
0.22307 0.59843 0.00394 0.17194 0.00262 110 9601
0.27908 0.48459 0.01861 0.21314 0.00459 120 11422
0.99662 0.00223 0.00089 0.00022 0.00004 0 0
0.44780 0.35188 0.02197 0.06763 0.11072 10 85
0.71861 0.17303 0.01391 0.06491 0.02953 20 330
0.25868 0.25177 0.45339 0.01311 0.02304 30 731
0.09215 0.67571 0.18255 0.02223 0.02736 40 1292
0.06161 0.80478 0.05530 0.05682 0.02150 50 2005
0.08223 0.68937 0.04280 0.16759 0.01801 60 2878
0.04722 0.91069 0.02361 0.01578 0.00270 70 3909
0.06856 0.84215 0.04936 0.03578 0.00414 80 5096
0.23021 0.62530 0.02728 0.11210 0.00511 90 6447
0.17014 0.70881 0.04018 0.07499 0.00588 100 7948
0.33837 0.19004 0.05427 0.41005 0.00728 110 9601
0.14047 0.28985 0.04307 0.52323 0.00338 120 11422
0.87467 0.12209 0.00063 0.00040 0.00221 0 0
0.12073 0.41850 0.00364 0.32203 0.13510 10 85
0.63624 0.19496 0.02562 0.11128 0.03189 20 330
0.14437 0.56150 0.22859 0.03133 0.03421 30 731
0.16133 0.63744 0.08786 0.09152 0.02184 40 1292
0.01191 0.90945 0.01669 0.05926 0.00268 50 2005
0.05425 0.69102 0.00944 0.23616 0.00913 60 2878
0.14325 0.64745 0.00546 0.19632 0.00751 70 3909
0.03223 0.78886 0.00623 0.17067 0.00201 80 5096
0.06931 0.63333 0.00928 0.28238 0.00570 90 6447
0.20852 0.40776 0.01736 0.36046 0.00591 100 7948
0.24881 0.47130 0.01978 0.25433 0.00577 110 9601
0.21485 0.24668 0.03390 0.50060 0.00396 120 11422
0.85515 0.13277 0.00849 0.00135 0.00224 0 0
0.45439 0.39382 0.00549 0.02396 0.12235 10 85
0.35564 0.57507 0.01231 0.04114 0.01585 20 330
0.11299 0.49066 0.34604 0.03265 0.01766 30 731
0.11171 0.57935 0.09685 0.17371 0.03838 40 1292
0.05202 0.75872 0.08346 0.09489 0.01090 50 2005
0.04891 0.56574 0.03806 0.33966 0.00763 60 2878
0.23285 0.41213 0.02599 0.31753 0.01149 70 3909
0.17613 0.28369 0.02693 0.49522 0.01802 80 5096
0.14161 0.22657 0.05274 0.56643 0.01264 90 6447
0.20511 0.34342 0.03462 0.40801 0.00884 100 7630
0.28895 0.24137 0.02420 0.43606 0.00942 110 8705
0.13707 0.24552 0.02290 0.58899 0.00553 120 9738
0.07969 0.05804 0.11551 0.36529 0.38147 0 0
0.51671 0.03821 0.00505 0.39797 0.04206 10 85
0.37770 0.26496 0.09246 0.23257 0.03230 20 330
0.26897 0.28886 0.08335 0.32590 0.03292 30 731
0.21791 0.35899 0.04231 0.31787 0.06292 40 1292
0.15445 0.43315 0.10228 0.28632 0.02380 50 2005
0.43777 0.19255 0.11991 0.23840 0.01136 60 2878
0.18440 0.17157 0.13792 0.47850 0.02761 70 3909
0.15881 0.18786 0.30641 0.32041 0.02652 80 5096
0.26611 0.17368 0.26343 0.27437 0.02241 90 6447
0.21734 0.20199 0.32595 0.22814 0.02659 100 7948
0.36398 0.26169 0.11659 0.23709 0.02065 110 9269
0.32667 0.33329 0.11929 0.20780 0.01296 120 10481
0.99788 0.00171 0.00024 0.00007 0.00010 0 0
0.52241 0.26473 0.00174 0.07251 0.13861 10 85
0.63601 0.21816 0.01503 0.09471 0.03609 20 330
0.13742 0.52168 0.16401 0.15331 0.02359 30 731
0.07375 0.77719 0.04197 0.09383 0.01326 40 1292
0.08906 0.75894 0.03767 0.10317 0.01116 50 2005
0.03019 0.60708 0.02353 0.33194 0.00727 60 2878
0.01914 0.83218 0.00687 0.13991 0.00191 70 3909
0.08288 0.59662 0.01397 0.30189 0.00465 80 5096
0.10557 0.49815 0.03886 0.35017 0.00726 90 6447
0.27739 0.18178 0.06900 0.43828 0.03355 100 7948
0.25181 0.10921 0.09248 0.52436 0.02215 110 9601
0.25940 0.32621 0.01144 0.39782 0.00513 120 11422
0.94672 0.05281 0.00028 0.00010 0.00009 0 0
0.40980 0.34355 0.00197 0.15879 0.08590 10 85
0.73417 0.14921 0.05003 0.04376 0.02283 20 330
0.18965 0.59112 0.15617 0.03930 0.02376 30 731
0.10162 0.69305 0.15489 0.02056 0.02988 40 1292
0.09740 0.61572 0.21066 0.05557 0.02066 50 2005
0.01695 0.91194 0.03109 0.03493 0.00509 60 2878
0.00849 0.74161 0.01677 0.23019 0.00294 70 3909
0.03872 0.67418 0.03557 0.24860 0.00292 80 5096
0.09484 0.39505 0.13956 0.36631 0.00423 90 6447
0.08862 0.28985 0.11827 0.50088 0.00238 100 7948
0.09407 0.13119 0.14996 0.61315 0.01163 110 9601
0.24862 0.17320 0.18119 0.38921 0.00778 120 11422
0.89414 0.03597 0.00485 0.04456 0.02047 0 0
0.17804 0.08242 0.00329 0.68941 0.04684 10 85
0.62291 0.16706 0.06714 0.12535 0.01755 20 330
0.06584 0.63139 0.29014 0.00853 0.00411 30 731
0.03237 0.14546 0.78283 0.03057 0.00877 40 1292
0.07374 0.70137 0.08237 0.13809 0.00444 50 2005
0.15629 0.61446 0.02475 0.19464 0.00986 60 2878
0.53827 0.26865 0.01336 0.16713 0.01259 70 3909
0.18679 0.27505 0.03562 0.48570 0.01684 80 5096
0.14131 0.40757 0.02611 0.41537 0.00963 90 6390
0.12678 0.41238 0.02570 0.42781 0.00733 100 7486
0.14581 0.31903 0.05681 0.46447 0.01388 110 8506
0.47068 0.09146 0.02428 0.40235 0.01122 120 9492
0.99485 0.00404 0.00034 0.00020 0.00058 0 0
0.68494 0.20800 0.01428 0.02595 0.06683 10 85
0.50941 0.40631 0.02123 0.04516 0.01789 20 330
0.18824 0.54192 0.19739 0.05396 0.01848 30 731
0.04402 0.81191 0.08327 0.04898 0.01182 40 1292
0.01926 0.58062 0.15773 0.22464 0.01776 50 2005
0.01908 0.55056 0.26910 0.15644 0.00483 60 2878
0.02121 0.63984 0.03251 0.30073 0.00572 70 3909
0.04480 0.79703 0.02576 0.12918 0.00323 80 5096
0.08077 0.65078 0.04125 0.22043 0.00677 90 6447
0.12378 0.56129 0.04543 0.26415 0.00535 100 7948
0.02377 0.86583 0.03281 0.07566 0.00193 110 9601
0.05095 0.62507 0.06922 0.25168 0.00308 120 11422
0.89014 0.10899 0.00068 0.00013 0.00006 0 0
0.33028 0.29057 0.01038 0.14325 0.22552 10 85
0.39925 0.15502 0.01123 0.38513 0.04937 20 330
0.31013 0.45965 0.20483 0.00857 0.01681 30 731
0.05579 0.73361 0.17507 0.02232 0.01321 40 1292
0.02068 0.63547 0.03165 0.30428 0.00792 50 2005
0.02166 0.84183 0.05909 0.07344 0.00397 60 2878
0.02851 0.84643 0.01543 0.10539 0.00424 70 3909
0.13485 0.51107 0.05621 0.28295 0.01493 80 5096
0.06858 0.46459 0.03556 0.42817 0.00310 90 6447
0.18349 0.38600 0.04259 0.38005 0.00786 100 7948
0.21985 0.25094 0.10227 0.41156 0.01538 110 9601
0.27430 0.31522 0.12544 0.27450 0.01054 120 11422
0.97005 0.01381 0.00070 0.01285 0.00258 0 0
0.55687 0.33654 0.01877 0.03202 0.05579 10 85
0.42505 0.18501 0.32939 0.03376 0.02680 20 330
0.11229 0.52923 0.33386 0.01573 0.00889 30 731
0.06525 0.45160 0.44057 0.02998 0.01260 40 1292
0.10847 0.61889 0.09666 0.14181 0.03418 50 2005
0.02955 0.92745 0.00787 0.03363 0.00150 60 2878
0.03467 0.81273 0.01803 0.13277 0.00179 70 3909
0.09470 0.65530 0.01987 0.22420 0.00593 80 5096
0.12945 0.10310 0.07131 0.67599 0.02014 90 6447
0.18061 0.09470 0.04632 0.65539 0.02299 100 7948
0.32000 0.17427 0.03615 0.45058 0.01901 110 9601
0.23351 0.08008 0.02805 0.63947 0.01889 120 11422
0.99950 0.00033 0.00005 0.00003 0.00009 0 0
0.94029 0.02841 0.00050 0.02719 0.00361 10 85
0.58748 0.27842 0.01848 0.08857 0.02704 20 330
0.09109 0.76243 0.10741 0.02785 0.01121 30 731
0.12740 0.75805 0.07923 0.02117 0.01414 40 1292
0.02627 0.86043 0.06151 0.04479 0.00700 50 2005
0.00637 0.94778 0.03736 0.00802 0.00047 60 2878
0.05971 0.75833 0.11278 0.06050 0.00869 70 3909
0.07598 0.45758 0.05675 0.39673 0.01296 80 5096
0.09057 0.63267 0.14747 0.12306 0.00622 90 6447
0.08793 0.57580 0.05409 0.28013 0.00205 100 7948
0.23182 0.26027 0.10503 0.39430 0.00858 110 9601
0.12113 0.28418 0.13929 0.44719 0.00821 120 11406
0.69278 0.11761 0.09177 0.08176 0.01608 0 0
0.51374 0.35779 0.02897 0.03124 0.06826 10 85
0.65866 0.04199 0.12718 0.12691 0.04526 20 330
0.20324 0.35656 0.38139 0.03901 0.01981 30 731
0.03785 0.12002 0.53753 0.26772 0.03687 40 1292
0.04624 0.53150 0.22334 0.18192 0.01701 50 2005
0.13790 0.29655 0.24117 0.30639 0.01801 60 2878
0.10000 0.65099 0.13134 0.10833 0.00934 70 3909
0.19910 0.38767 0.03246 0.37668 0.00410 80 5096
0.15763 0.23285 0.04786 0.54833 0.01333 90 6447
0.05141 0.48731 0.05538 0.40379 0.00211 100 7948
0.12261 0.20081 0.05083 0.61713 0.00862 110 9601
0.11676 0.52813 0.10031 0.24795 0.00685 120 11422
0.94095 0.05833 0.00044 0.00012 0.00015 0 0
0.26202 0.16367 0.00978 0.33632 0.22821 10 85
0.47539 0.22288 0.20982 0.07485 0.01707 20 330
0.16850 0.50538 0.29079 0.02211 0.01322 30 731
0.07158 0.56962 0.30883 0.02813 0.02185 40 1292
0.05300 0.70381 0.08867 0.14293 0.01159 50 2005
0.00420 0.87047 0.02287 0.09948 0.00298 60 2878
0.03934 0.74159 0.01515 0.18835 0.01557 70 3909
0.10091 0.08727 0.07636 0.71438 0.02107 80 5096
0.05573 0.03185 0.07140 0.80804 0.03299 90 6447
0.14946 0.06805 0.03120 0.72009 0.03120 100 7948
0.12421 0.08535 0.08907 0.65594 0.04544 110 9601
0.16894 0.03481 0.09767 0.66643 0.03215 120 11422
0.62153 0.29861 0.00276 0.02639 0.05071 0 0
0.19518 0.60003 0.00590 0.03806 0.16084 10 85
0.59122 0.04895 0.05804 0.24166 0.06013 20 330
0.60815 0.13713 0.20744 0.02580 0.02148 30 731
0.08267 0.20394 0.65547 0.03413 0.02379 40 1292
0.20484 0.55907 0.07465 0.14459 0.01684 50 2005
0.22860 0.57691 0.01145 0.17553 0.00751 60 2878
0.03383 0.85583 0.00433 0.10226 0.00375 70 3909
0.27094 0.45035 0.01603 0.25340 0.00929 80 5096
0.35294 0.29046 0.01152 0.33842 0.00666 90 6447
0.37459 0.46256 0.01408 0.14542 0.00335 100 7948
0.49107 0.30170 0.01461 0.18641 0.00620 110 9601
0.43049 0.37874 0.00638 0.18128 0.00312 120 11422
0.54602 0.32221 0.00319 0.12069 0.00789 0 0
0.36049 0.22207 0.00803 0.29077 0.11864 10 85
0.63340 0.13354 0.00619 0.18202 0.04485 20 330
0.09893 0.10338 0.78066 0.01134 0.00570 30 731
0.04895 0.64100 0.25870 0.03531 0.01604 40 1292
0.02026 0.87974 0.01971 0.07281 0.00747 50 2005
0.02578 0.75194 0.04282 0.17306 0.00641 60 2878
0.06791 0.56223 0.04072 0.32065 0.00849 70 3909
0.03933 0.55947 0.03086 0.36075 0.00958 80 5096
0.05590 0.47042 0.04309 0.42142 0.00918 90 6447
0.03735 0.52276 0.03265 0.40168 0.00556 100 7948
0.11047 0.29180 0.08360 0.50440 0.00973 110 9601
0.08819 0.22659 0.08890 0.58956 0.00677 120 11422
0.61293 0.37964 0.00453 0.00224 0.00067 0 0
0.48132 0.18890 0.00774 0.12442 0.19762 10 85
0.57921 0.21290 0.06429 0.11123 0.03237 20 330
0.18963 0.45974 0.25413 0.06299 0.03351 30 731
0.08679 0.07492 0.80732 0.01261 0.01836 40 1292
0.08839 0.57465 0.31622 0.01480 0.00594 50 2005
0.02066 0.83360 0.07155 0.07198 0.00221 60 2878
0.00999 0.92228 0.03255 0.03299 0.00219 70 3909
0.01008 0.88371 0.03479 0.06964 0.00178 80 5096
0.03554 0.65406 0.12056 0.18231 0.00753 90 6447
0.09717 0.51404 0.10328 0.27351 0.01200 100 7948
0.02005 0.75382 0.10210 0.12061 0.00342 110 9601
0.14314 0.30233 0.19908 0.33476 0.02068 120 11422
0.97915 0.01627 0.00124 0.00283 0.00052 0 0
0.56472 0.09651 0.01257 0.13230 0.19389 10 85
0.73923 0.14098 0.01824 0.06865 0.03290 20 330
0.23754 0.31853 0.38061 0.04759 0.01573 30 731
0.05248 0.31956 0.52144 0.08193 0.02458 40 1292
0.11091 0.57157 0.11641 0.17377 0.02734 50 2005
0.04400 0.79329 0.03068 0.12293 0.00911 60 2878
0.06880 0.17021 0.03632 0.70083 0.02384 70 3909
0.17170 0.06284 0.05967 0.68268 0.02310 80 5096
0.07093 0.11476 0.07400 0.72343 0.01688 90 6447
0.06240 0.04117 0.02871 0.85343 0.01429 100 7948
0.13118 0.01649 0.10070 0.71001 0.04161 110 9601
0.21298 0.06370 0.06505 0.64425 0.01402 120 11422
0.98519 0.00374 0.00010 0.00057 0.01041 0 0
0.86814 0.05549 0.01527 0.04461 0.01649 10 85
0.45969 0.06480 0.30281 0.09032 0.08238 20 330
0.43998 0.20846 0.32535 0.01508 0.01113 30 731
0.16009 0.59407 0.15081 0.05613 0.03890 40 1292
0.29102 0.07989 0.09258 0.47740 0.05911 50 2005
0.20549 0.30390 0.12965 0.33030 0.03065 60 2878
0.41552 0.05403 0.16583 0.28504 0.07958 70 3909
0.25008 0.17775 0.10596 0.41400 0.05221 80 5096
0.15561 0.03448 0.24632 0.50902 0.05456 90 6433
0.13135 0.01095 0.16480 0.66464 0.02826 100 7584
0.24528 0.01334 0.14110 0.53361 0.06666 110 8640
0.24783 0.01633 0.15405 0.50892 0.07287 120 9657
0.99935 0.00007 0.00035 0.00010 0.00013 0 0
0.99015 0.00270 0.00055 0.00518 0.00142 10 85
0.66318 0.28661 0.02346 0.01792 0.00883 20 330
0.19241 0.59901 0.15497 0.03213 0.02148 30 731
0.10272 0.31477 0.53163 0.03437 0.01651 40 1292
0.07054 0.74900 0.14014 0.02162 0.01869 50 2005
0.06035 0.85386 0.05525 0.01834 0.01219 60 2878
0.03294 0.91137 0.03125 0.02247 0.00198 70 3909
0.14805 0.66389 0.14484 0.03580 0.00742 80 5096
0.13177 0.65110 0.06341 0.14540 0.00832 90 6447
0.14753 0.67423 0.05121 0.12236 0.00467 100 7948
0.16492 0.52924 0.12501 0.17141 0.00941 110 9601
0.12645 0.44084 0.05916 0.37031 0.00324 120 11422
0.99322 0.00645 0.00007 0.00009 0.00018 0 0
0.98215 0.00225 0.00003 0.01366 0.00192 10 85
0.07589 0.02946 0.00272 0.88308 0.00885 20 330
0.01437 0.84131 0.00120 0.14003 0.00310 30 731
0.02111 0.85789 0.00104 0.11695 0.00300 40 1292
0.02242 0.82024 0.00090 0.15325 0.00318 50 2005
0.08254 0.63079 0.00712 0.27385 0.00571 60 2878
0.12331 0.74438 0.00274 0.12123 0.00834 70 3909
0.23019 0.49633 0.00251 0.25965 0.01132 80 5096
0.10144 0.68282 0.00118 0.21112 0.00344 90 6447
0.33834 0.61174 0.01028 0.03177 0.00787 100 7948
0.14937 0.80419 0.00422 0.03944 0.00278 110 9359
0.31401 0.52534 0.01083 0.14069 0.00913 120 10613
0.99695 0.00217 0.00074 0.00001 0.00013 0 0
0.28833 0.09345 0.01085 0.49989 0.10749 10 85
0.66676 0.05021 0.01572 0.23952 0.02779 20 330
0.24554 0.49671 0.22261 0.02126 0.01389 30 731
0.05667 0.48597 0.09139 0.34185 0.02411 40 1292
0.08050 0.63839 0.13958 0.12920 0.01233 50 2005
0.07914 0.68625 0.11670 0.10944 0.00848 60 2878
0.08708 0.78791 0.01402 0.10740 0.00359 70 3909
0.15661 0.52110 0.04390 0.26905 0.00935 80 5096
0.14309 0.57712 0.03114 0.24100 0.00765 90 6447
0.09154 0.55301 0.04590 0.30538 0.00417 100 7948
0.21691 0.43840 0.05862 0.27787 0.00820 110 9601
0.13016 0.39110 0.05974 0.40879 0.01022 120 11422
0.99795 0.00193 0.00005 0.00003 0.00004 0 0
0.39642 0.39435 0.00503 0.14147 0.06274 10 85
0.65806 0.16311 0.02909 0.13028 0.01945 20 330
0.36130 0.41930 0.13039 0.06569 0.02332 30 731
0.07327 0.52159 0.34477 0.03709 0.02328 40 1292
0.02485 0.84521 0.03910 0.07969 0.01114 50 2005
0.01586 0.88349 0.02298 0.07220 0.00548 60 2878
0.07812 0.65472 0.06888 0.19037 0.00791 70 3909
0.02669 0.77780 0.02318 0.16960 0.00274 80 5096
0.08952 0.56140 0.06403 0.27642 0.00863 90 6447
0.02485 0.54739 0.03223 0.38383 0.01170 100 7948
0.14101 0.44557 0.05201 0.35214 0.00927 110 9601
0.11970 0.46678 0.04989 0.35029 0.01333 120 11422
0.83009 0.16134 0.00573 0.00248 0.00036 0 0
0.35520 0.53764 0.01974 0.03909 0.04833 10 85
0.74075 0.15098 0.02636 0.04926 0.03265 20 330
0.38867 0.36969 0.14443 0.06589 0.03132 30 731
0.07005 0.65616 0.15885 0.07077 0.04418 40 1292
0.06500 0.65771 0.18144 0.08306 0.01280 50 2005
0.03402 0.80753 0.06312 0.08375 0.01158 60 2878
0.02054 0.68251 0.06763 0.21377 0.01555 70 3909
0.02759 0.78013 0.04898 0.13554 0.00776 80 5096
0.02387 0.68605 0.02992 0.25655 0.00361 90 6447
0.11489 0.17708 0.09439 0.58969 0.02395 100 7948
0.08096 0.55488 0.10939 0.24169 0.01308 110 9601
0.03595 0.47144 0.11265 0.37456 0.00539 120 11422
0.95096 0.04203 0.00071 0.00113 0.00517 0 0
0.56802 0.12084 0.00443 0.24497 0.06174 10 85
0.24186 0.48270 0.11596 0.15215 0.00732 20 330
0.16212 0.53051 0.03589 0.25292 0.01855 30 731
0.09354 0.33293 0.01571 0.53520 0.02262 40 1292
0.11234 0.16006 0.01649 0.68922 0.02190 50 2005
0.17001 0.22409 0.01339 0.58217 0.01034 60 2878
0.16239 0.11708 0.03691 0.66694 0.01668 70 3909
0.19272 0.10267 0.02881 0.65519 0.02061 80 5096
0.26323 0.13046 0.09592 0.47131 0.03908 90 6447
0.35522 0.09230 0.05285 0.47394 0.02569 100 7630
0.18077 0.03394 0.12740 0.63948 0.01842 110 8705
0.20392 0.06572 0.02558 0.68942 0.01535 120 9738
0.99555 0.00364 0.00008 0.00024 0.00049 0 0
0.59758 0.23796 0.03251 0.03228 0.09967 10 85
0.59263 0.20611 0.01747 0.12939 0.05439 20 330
0.16766 0.12627 0.68484 0.01545 0.00578 30 731
0.04555 0.31346 0.54675 0.05767 0.03658 40 1292
0.00931 0.89396 0.02517 0.06007 0.01149 50 2005
0.02916 0.52914 0.02005 0.40842 0.01323 60 2878
0.00971 0.77674 0.06195 0.15011 0.00149 70 3909
0.02274 0.66386 0.06956 0.24128 0.00257 80 5096
0.04405 0.24911 0.05622 0.64909 0.00153 90 6447
0.08417 0.11845 0.33990 0.45165 0.00583 100 7948
0.04711 0.04505 0.09617 0.80966 0.00201 110 9601
0.09959 0.10094 0.10898 0.68715 0.00333 120 11422
0.69045 0.20027 0.07217 0.00552 0.03159 0 0
0.49731 0.35723 0.02612 0.07651 0.04282 10 85
0.73085 0.04585 0.08304 0.12416 0.01610 20 330
0.21822 0.15797 0.55123 0.06133 0.01126 30 731
0.06842 0.79192 0.04161 0.08926 0.00879 40 1292
0.11292 0.72025 0.05216 0.10608 0.00858 50 2005
0.06103 0.79560 0.01227 0.12766 0.00345 60 2878
0.21128 0.34260 0.01371 0.42199 0.01041 70 3909
0.32080 0.50676 0.01258 0.15407 0.00578 80 5096
0.16683 0.54763 0.00639 0.27524 0.00391 90 6447
0.38227 0.35977 0.01236 0.23773 0.00788 100 7948
0.17311 0.34230 0.00889 0.46861 0.00708 110 9601
0.19846 0.49586 0.00742 0.29327 0.00498 120 11422
0.94768 0.02183 0.00668 0.00047 0.02334 0 0
0.64703 0.09971 0.00089 0.16710 0.08528 10 85
0.12284 0.17308 0.01829 0.60600 0.07979 20 330
0.05258 0.14202 0.01561 0.77484 0.01496 30 731
0.00251 0.88022 0.00274 0.11263 0.00190 40 1292
0.00759 0.76121 0.00236 0.22576 0.00308 50 2005
0.01342 0.81446 0.00251 0.16768 0.00193 60 2878
0.00554 0.82054 0.00397 0.16856 0.00139 70 3909
0.03469 0.63069 0.00725 0.32368 0.00370 80 5096
0.08790 0.42785 0.00810 0.47015 0.00600 90 6447
0.07450 0.44341 0.01305 0.46298 0.00606 100 7948
0.17541 0.33487 0.01494 0.46508 0.00970 110 9601
0.14329 0.33521 0.01769 0.49569 0.00813 120 11422
0.99983 0.00014 0.00002 0.00000 0.00001 0 0
0.67776 0.22097 0.00386 0.01338 0.08403 10 85
0.30093 0.18063 0.01334 0.43077 0.07432 20 330
0.22570 0.57385 0.14214 0.02748 0.03083 30 731
0.09395 0.79520 0.08168 0.02250 0.00667 40 1292
0.06706 0.73916 0.13213 0.04633 0.01532 50 2005
0.01080 0.95556 0.01877 0.01325 0.00162 60 2878
0.01635 0.88250 0.04710 0.04988 0.00416 70 3909
0.02444 0.72982 0.07227 0.16440 0.00907 80 5096
0.06711 0.57352 0.05680 0.29431 0.00825 90 6447
0.08197 0.72578 0.02250 0.16616 0.00359 100 7948
0.03593 0.56884 0.12636 0.26062 0.00826 110 9601
0.08722 0.12837 0.09609 0.67903 0.00930 120 11422
0.99580 0.00413 0.00002 0.00001 0.00004 0 0
0.61100 0.07106 0.00608 0.28414 0.02772 10 85
0.29227 0.52829 0.04022 0.13650 0.00272 20 330
0.13728 0.76597 0.04406 0.04902 0.00367 30 731
0.09503 0.74847 0.02272 0.12947 0.00432 40 1292
0.09257 0.43079 0.00517 0.46778 0.00369 50 2005
0.17018 0.17881 0.00721 0.63402 0.00978 60 2878
0.04821 0.36259 0.00674 0.57625 0.00622 70 3909
0.08864 0.14447 0.02443 0.73316 0.00930 80 5096
0.12770 0.18110 0.02536 0.65699 0.00884 90 6447
0.20494 0.13901 0.10431 0.53193 0.01980 100 7948
0.24882 0.08249 0.05736 0.59460 0.01674 110 9601
0.37670 0.15287 0.06016 0.39923 0.01104 120 11122
0.97522 0.01496 0.00302 0.00204 0.00475 0 0
0.71950 0.12531 0.00368 0.03845 0.11306 10 85
0.77988 0.06213 0.04418 0.10040 0.01341 20 330
0.45777 0.11650 0.35801 0.04920 0.01852 30 731
0.07603 0.28355 0.50067 0.09280 0.04694 40 1292
0.03610 0.67780 0.09943 0.16960 0.01707 50 2005
0.08038 0.74602 0.03751 0.13242 0.00367 60 2878
0.09460 0.58627 0.07760 0.23059 0.01093 70 3909
0.30333 0.25254 0.06841 0.36487 0.01084 80 5096
0.22184 0.14442 0.14159 0.47590 0.01625 90 6447
0.37795 0.14539 0.10967 0.35241 0.01457 100 7948
0.25608 0.21890 0.02382 0.49044 0.01076 110 9601
0.26173 0.10807 0.09289 0.52520 0.01211 120 11422
