0.00008 0.00009 0.00113 0.00062 0.99808 0 0
0.25962 0.10068 0.00644 0.61848 0.01478 5 21
0.11953 0.02410 0.00688 0.84745 0.00204 10 85
0.00352 0.00377 0.00860 0.00063 0.98348 0 0
0.08942 0.02159 0.07478 0.02487 0.78934 5 21
0.62551 0.29194 0.00676 0.02226 0.05353 10 85
0.00458 0.00263 0.00429 0.01459 0.97391 0 0
0.47964 0.27120 0.00295 0.15472 0.09150 5 21
0.42689 0.22206 0.02391 0.27259 0.05455 10 85
0.00002 0.00003 0.00071 0.00016 0.99908 0 0
0.43822 0.46649 0.00306 0.03474 0.05749 5 21
0.73555 0.09338 0.00201 0.08361 0.08544 10 85
0.00008 0.00021 0.00052 0.00041 0.99877 0 0
0.31274 0.33969 0.01187 0.03877 0.29693 5 21
0.28897 0.27903 0.00364 0.29119 0.13717 10 85
0.00117 0.00259 0.00787 0.00046 0.98791 0 0
0.01120 0.00199 0.00137 0.00481 0.98062 5 21
0.09119 0.00622 0.00014 0.25237 0.65009 10 85
0.00010 0.00028 0.00741 0.00076 0.99146 0 0
0.00576 0.00851 0.01156 0.04135 0.93282 5 21
0.17021 0.03589 0.00147 0.73218 0.06024 10 85
0.00005 0.00006 0.00111 0.00457 0.99421 0 0
0.67420 0.16245 0.00238 0.03706 0.12391 5 21
0.48954 0.07540 0.00558 0.40226 0.02722 10 85
0.00014 0.00068 0.00030 0.00022 0.99866 0 0
0.19327 0.08353 0.02114 0.14843 0.55363 5 21
0.42047 0.06242 0.00092 0.41211 0.10407 10 85
0.00002 0.00004 0.00109 0.00018 0.99867 0 0
0.02715 0.08842 0.01303 0.32205 0.54934 5 21
0.30679 0.05206 0.00143 0.63314 0.00657 10 85
0.00018 0.00025 0.01692 0.00087 0.98178 0 0
0.01176 0.01584 0.00156 0.96532 0.00552 5 21
0.17796 0.03755 0.00214 0.77593 0.00642 10 85
0.00009 0.00031 0.00314 0.00157 0.99490 0 0
0.06669 0.05216 0.02645 0.18771 0.66699 5 21
0.04980 0.01588 0.00306 0.89118 0.04008 10 85
0.00005 0.00007 0.00100 0.00017 0.99871 0 0
0.48073 0.35910 0.08831 0.02748 0.04438 5 21
0.53202 0.23263 0.02424 0.11167 0.09944 10 85
0.00005 0.00005 0.00475 0.00017 0.99498 0 0
0.01781 0.00519 0.00982 0.49296 0.47422 5 21
0.01588 0.01415 0.00553 0.90863 0.05582 10 85
0.00010 0.00035 0.00111 0.00061 0.99783 0 0
0.22835 0.61883 0.00810 0.13572 0.00901 5 21
0.41587 0.17513 0.01504 0.26541 0.12854 10 85
0.00001 0.00003 0.00015 0.17467 0.82513 0 0
0.14708 0.00852 0.00875 0.49196 0.34369 5 21
0.43654 0.04679 0.02305 0.42772 0.06591 10 85
0.00044 0.00004 0.00068 0.82357 0.17529 0 0
0.00058 0.00018 0.00007 0.99909 0.00009 5 21
0.00662 0.00062 0.00056 0.99119 0.00101 10 85
0.00163 0.00247 0.01650 0.43403 0.54536 0 0
0.38437 0.06612 0.00726 0.37275 0.16950 5 21
0.09313 0.03831 0.00333 0.76960 0.09562 10 85
0.00088 0.00005 0.00621 0.00108 0.99178 0 0
0.61040 0.09842 0.03630 0.12284 0.13205 5 21
0.40545 0.22029 0.02238 0.24027 0.11162 10 85
0.00000 0.00001 0.00020 0.00024 0.99955 0 0
0.26056 0.07341 0.06112 0.03381 0.57111 5 21
0.16373 0.06427 0.01383 0.62307 0.13510 10 85
0.00039 0.00107 0.00580 0.00107 0.99168 0 0
0.01765 0.07038 0.00402 0.47040 0.43755 5 21
0.13880 0.08299 0.00477 0.65352 0.11992 10 85
0.00006 0.00018 0.00418 0.00049 0.99510 0 0
0.03365 0.14932 0.00813 0.11253 0.69636 5 21
0.31280 0.23251 0.00228 0.26754 0.18488 10 85
0.00036 0.00078 0.00662 0.00328 0.98897 0 0
0.31470 0.11800 0.01021 0.16506 0.39203 5 21
0.05819 0.05666 0.00138 0.88100 0.00276 10 85
0.03990 0.50975 0.06863 0.03065 0.35108 0 0
0.91080 0.03255 0.00193 0.01591 0.03880 5 21
0.63747 0.08329 0.00384 0.23422 0.04117 10 85
0.04462 0.00764 0.00223 0.11296 0.83255 0 0
0.67486 0.00975 0.00311 0.19099 0.12128 5 21
0.44825 0.40670 0.00175 0.13671 0.00660 10 85
0.00039 0.00112 0.01049 0.00161 0.98637 0 0
0.48470 0.21194 0.03596 0.16849 0.09891 5 21
0.75214 0.13064 0.00255 0.06766 0.04701 10 85
0.00112 0.00536 0.01206 0.06209 0.91937 0 0
0.05885 0.02022 0.00478 0.12190 0.79425 5 21
0.71207 0.07243 0.00077 0.19566 0.01907 10 85
0.00020 0.00049 0.00529 0.00180 0.99221 0 0
0.00463 0.02383 0.00142 0.96697 0.00314 5 21
0.60756 0.06888 0.11619 0.20078 0.00659 10 85
0.12126 0.12503 0.00901 0.28063 0.46406 0 0
0.01279 0.16438 0.01063 0.55218 0.26001 5 21
0.72870 0.04944 0.01457 0.16071 0.04658 10 85
0.00021 0.00092 0.00057 0.00294 0.99537 0 0
0.02407 0.16773 0.00519 0.78879 0.01423 5 21
0.62629 0.13913 0.00329 0.14442 0.08687 10 85
0.00003 0.00003 0.00061 0.00011 0.99923 0 0
0.23876 0.11707 0.14568 0.05329 0.44519 5 21
0.60457 0.15583 0.01337 0.12836 0.09787 10 85
0.00016 0.00026 0.00347 0.00126 0.99486 0 0
0.33849 0.35285 0.00129 0.17290 0.13447 5 21
0.56264 0.22854 0.00510 0.10654 0.09718 10 85
0.00021 0.00091 0.01089 0.01800 0.96999 0 0
0.09999 0.04134 0.00210 0.81562 0.04096 5 21
0.62070 0.11928 0.01653 0.21508 0.02841 10 85
0.00020 0.00032 0.00145 0.00138 0.99665 0 0
0.12664 0.29376 0.01180 0.48135 0.08645 5 21
0.73249 0.14478 0.00307 0.11112 0.00854 10 85
0.00016 0.00046 0.02842 0.00345 0.96750 0 0
0.73181 0.04981 0.04030 0.05662 0.12145 5 21
0.39787 0.07451 0.04834 0.38527 0.09401 10 85
0.00018 0.02282 0.00456 0.33538 0.63706 0 0
0.02847 0.08667 0.00042 0.86885 0.01559 5 21
0.02609 0.04794 0.00193 0.85821 0.06582 10 85
0.00013 0.00487 0.00574 0.00109 0.98818 0 0
0.11203 0.12376 0.00230 0.69594 0.06597 5 21
0.42602 0.12854 0.01494 0.29063 0.13987 10 85
0.00071 0.00230 0.00885 0.00387 0.98427 0 0
0.06800 0.25706 0.00097 0.07442 0.59954 5 21
0.26797 0.20273 0.00533 0.32703 0.19694 10 85
0.00001 0.00002 0.00266 0.00027 0.99704 0 0
0.00291 0.00351 0.01287 0.06782 0.91289 5 21
0.04302 0.05724 0.00680 0.52780 0.36515 10 85
0.00451 0.00639 0.01899 0.00895 0.96117 0 0
0.47762 0.11700 0.00591 0.22408 0.17539 5 21
0.54761 0.14789 0.01016 0.20002 0.09431 10 85
0.01406 0.01809 0.00210 0.00458 0.96117 0 0
0.34736 0.03779 0.01064 0.49988 0.10433 5 21
0.71517 0.06471 0.00787 0.13710 0.07515 10 85
0.00047 0.00127 0.01085 0.01401 0.97340 0 0
0.01728 0.13309 0.02214 0.80074 0.02676 5 21
0.54313 0.34480 0.01593 0.03927 0.05687 10 85
0.00007 0.00014 0.00404 0.00059 0.99516 0 0
0.00014 0.00023 0.00160 0.00440 0.99364 5 21
0.02059 0.02230 0.00764 0.67317 0.27630 10 85
0.03413 0.01181 0.06121 0.02580 0.86706 0 0
0.52574 0.09462 0.00817 0.24189 0.12958 5 21
0.53798 0.06866 0.00297 0.27979 0.11060 10 85
0.00009 0.00020 0.00161 0.00105 0.99705 0 0
0.07219 0.18004 0.06554 0.43479 0.24744 5 21
0.51682 0.25758 0.05790 0.03580 0.13189 10 85
0.07976 0.37908 0.01741 0.32500 0.19876 0 0
0.90325 0.00749 0.00110 0.03184 0.05632 5 21
0.53614 0.01488 0.00130 0.40002 0.04766 10 85
0.00090 0.00145 0.03438 0.01975 0.94352 0 0
0.23210 0.09682 0.01110 0.03658 0.62339 5 21
0.40805 0.18324 0.00572 0.25201 0.15098 10 85
