0.00002 0.00006 0.00033 0.99933 0.00026 0 0
0.35689 0.03728 0.00534 0.54642 0.05407 5 21
0.33533 0.08018 0.00559 0.43162 0.14728 10 85
0.00000 0.00002 0.00005 0.99991 0.00001 0 0
0.00703 0.00109 0.01156 0.97863 0.00169 5 21
0.41415 0.13335 0.05289 0.31882 0.08080 10 85
0.00024 0.00034 0.00022 0.99481 0.00440 0 0
0.03021 0.00189 0.00163 0.89523 0.07103 5 21
0.43820 0.11214 0.00443 0.30852 0.13671 10 85
0.00013 0.00004 0.00067 0.99901 0.00014 0 0
0.05879 0.02411 0.01987 0.87111 0.02612 5 21
0.47166 0.19370 0.02563 0.16992 0.13909 10 85
0.00000 0.00005 0.00008 0.99983 0.00003 0 0
0.04526 0.01709 0.01643 0.91828 0.00294 5 21
0.02256 0.01246 0.00316 0.90378 0.05805 10 85
0.00119 0.00119 0.00025 0.99615 0.00122 0 0
0.02530 0.00429 0.00059 0.95743 0.01239 5 21
0.07414 0.00530 0.00228 0.85055 0.06773 10 85
0.00002 0.00000 0.00012 0.99975 0.00011 0 0
0.63370 0.17862 0.01146 0.11669 0.05953 5 21
0.78806 0.07284 0.00410 0.11967 0.01533 10 85
0.00125 0.00226 0.00268 0.86162 0.13218 0 0
0.00383 0.00270 0.00265 0.98747 0.00335 5 21
0.00276 0.00532 0.00127 0.98905 0.00160 10 85
0.00118 0.02324 0.00003 0.95984 0.01572 0 0
0.01448 0.04910 0.00046 0.85974 0.07622 5 21
0.05465 0.05130 0.00701 0.80582 0.08121 10 85
0.00837 0.06607 0.04569 0.68133 0.19854 0 0
0.01637 0.03714 0.01570 0.69684 0.23394 5 21
0.86490 0.04555 0.00292 0.05073 0.03590 10 85
0.00039 0.00032 0.00101 0.99764 0.00064 0 0
0.12063 0.03098 0.03347 0.77724 0.03769 5 21
0.44040 0.10045 0.07032 0.26636 0.12246 10 85
0.01301 0.94666 0.00103 0.03877 0.00053 0 0
0.37867 0.02167 0.00023 0.56356 0.03587 5 21
0.19439 0.04310 0.00177 0.71097 0.04977 10 85
0.00029 0.00013 0.00014 0.99926 0.00018 0 0
0.00502 0.00020 0.00026 0.99405 0.00047 5 21
0.00466 0.00034 0.00319 0.99106 0.00075 10 85
0.00049 0.00015 0.00093 0.99772 0.00071 0 0
0.34314 0.07959 0.08266 0.41558 0.07903 5 21
0.39213 0.20059 0.09884 0.10156 0.20689 10 85
0.04086 0.00377 0.02012 0.18104 0.75421 0 0
0.32961 0.10832 0.02931 0.43882 0.09394 5 21
0.57119 0.11084 0.04224 0.23129 0.04444 10 85
0.00118 0.93734 0.03194 0.02051 0.00902 0 0
0.71355 0.18021 0.01446 0.06405 0.02773 5 21
0.41928 0.09202 0.00204 0.42510 0.06156 10 85
0.00002 0.00005 0.00008 0.99984 0.00002 0 0
0.73625 0.04484 0.00080 0.17190 0.04621 5 21
0.36740 0.04609 0.04475 0.42970 0.11207 10 85
0.00007 0.00048 0.00263 0.99609 0.00074 0 0
0.00078 0.00235 0.00356 0.98957 0.00374 5 21
0.00080 0.00150 0.00044 0.99570 0.00156 10 85
0.00807 0.00205 0.00641 0.88510 0.09837 0 0
0.00701 0.00411 0.00065 0.97733 0.01089 5 21
0.00993 0.00233 0.00048 0.98474 0.00253 10 85
0.00014 0.00041 0.00079 0.99830 0.00038 0 0
0.04159 0.00615 0.00761 0.92509 0.01956 5 21
0.04898 0.01173 0.01333 0.88634 0.03961 10 85
0.01031 0.00154 0.01117 0.96475 0.01223 0 0
0.02692 0.01159 0.00505 0.94328 0.01316 5 21
0.60613 0.06153 0.07389 0.08807 0.17038 10 85
0.00001 0.00002 0.00002 0.99994 0.00001 0 0
0.75485 0.13416 0.05021 0.02129 0.03950 5 21
0.33742 0.06157 0.01212 0.45482 0.13406 10 85
0.00013 0.00008 0.00003 0.99925 0.00051 0 0
0.00059 0.00042 0.00010 0.99687 0.00201 5 21
0.00080 0.00012 0.00077 0.99771 0.00059 10 85
0.00212 0.01325 0.00672 0.95579 0.02212 0 0
0.01255 0.00584 0.00019 0.97189 0.00953 5 21
0.26149 0.18264 0.00253 0.38066 0.17270 10 85
0.43092 0.08713 0.01033 0.45957 0.01205 0 0
0.57313 0.18933 0.04492 0.17341 0.01921 5 21
0.49320 0.18053 0.01306 0.20610 0.10711 10 85
0.00032 0.00011 0.00006 0.99914 0.00038 0 0
0.59878 0.05096 0.00263 0.24687 0.10077 5 21
0.14948 0.24260 0.00128 0.56149 0.04514 10 85
0.00889 0.00964 0.00176 0.96967 0.01005 0 0
0.44408 0.03883 0.00742 0.42209 0.08758 5 21
0.58029 0.15170 0.00625 0.17915 0.08261 10 85
0.00001 0.00001 0.00015 0.99980 0.00002 0 0
0.12345 0.00790 0.00667 0.84488 0.01711 5 21
0.33434 0.04591 0.02078 0.56325 0.03573 10 85
0.00001 0.00016 0.00012 0.99964 0.00007 0 0
0.00047 0.00073 0.00119 0.99668 0.00093 5 21
0.00147 0.00083 0.00431 0.97912 0.01427 10 85
0.27697 0.56057 0.00594 0.15529 0.00123 0 0
0.08617 0.81994 0.00470 0.08677 0.00243 5 21
0.40804 0.25034 0.04306 0.29482 0.00374 10 85
0.00063 0.00132 0.00400 0.05392 0.94013 0 0
0.01131 0.01710 0.00370 0.92973 0.03815 5 21
0.36394 0.08244 0.00367 0.52793 0.02203 10 85
0.00143 0.01218 0.00394 0.98191 0.00054 0 0
0.76199 0.05335 0.02443 0.12733 0.03290 5 21
0.46058 0.11483 0.00557 0.39390 0.02511 10 85
0.00800 0.00614 0.00942 0.86298 0.11347 0 0
0.18458 0.21471 0.00868 0.58491 0.00712 5 21
0.14546 0.01291 0.00326 0.82984 0.00854 10 85
0.10386 0.12214 0.01527 0.70428 0.05446 0 0
0.68452 0.10763 0.01194 0.15277 0.04315 5 21
0.61463 0.06279 0.01983 0.21355 0.08921 10 85
0.04941 0.04311 0.02310 0.76679 0.11760 0 0
0.16681 0.13929 0.12358 0.30136 0.26895 5 21
0.33119 0.10625 0.00569 0.17343 0.38343 10 85
0.00007 0.00004 0.00003 0.99978 0.00007 0 0
0.00053 0.00011 0.00001 0.99920 0.00016 5 21
0.00038 0.00008 0.00003 0.99934 0.00016 10 85
0.00039 0.00849 0.01516 0.97350 0.00246 0 0
0.00059 0.00203 0.02296 0.97339 0.00102 5 21
0.57776 0.14365 0.05129 0.08482 0.14247 10 85
0.00015 0.00061 0.00496 0.98969 0.00459 0 0
0.00017 0.00025 0.00230 0.99691 0.00037 5 21
0.00512 0.00579 0.00847 0.97544 0.00518 10 85
0.00002 0.00034 0.00181 0.99535 0.00248 0 0
0.03180 0.01237 0.07615 0.85523 0.02444 5 21
0.19318 0.09027 0.01399 0.63694 0.06562 10 85
0.00202 0.03886 0.00190 0.83500 0.12222 0 0
0.08464 0.04071 0.00098 0.83176 0.04191 5 21
0.33949 0.15079 0.00398 0.41129 0.09445 10 85
0.00337 0.00877 0.01500 0.88681 0.08605 0 0
0.04731 0.02998 0.01866 0.84299 0.06105 5 21
0.01796 0.01926 0.00330 0.95318 0.00630 10 85
0.06328 0.00397 0.01425 0.39608 0.52241 0 0
0.76615 0.01588 0.00735 0.14876 0.06187 5 21
0.73930 0.10369 0.00302 0.10360 0.05040 10 85
0.00030 0.00250 0.00164 0.99346 0.00210 0 0
0.15703 0.01888 0.00356 0.81121 0.00933 5 21
0.24515 0.02171 0.00342 0.70214 0.02758 10 85
0.13186 0.00373 0.06102 0.02983 0.77355 0 0
0.09857 0.05030 0.01170 0.82346 0.01598 5 21
0.17869 0.03346 0.00792 0.76046 0.01946 10 85
0.00286 0.00075 0.00113 0.99281 0.00245 0 0
0.21349 0.02274 0.04724 0.58101 0.13551 5 21
0.55815 0.13544 0.03224 0.20264 0.07152 10 85
0.00740 0.05832 0.07880 0.64732 0.20817 0 0
0.01639 0.03743 0.00478 0.92246 0.01893 5 21
0.25725 0.15021 0.03631 0.43445 0.12178 10 85
0.00010 0.00018 0.00042 0.99919 0.00012 0 0
0.05070 0.00362 0.00321 0.92673 0.01574 5 21
0.00871 0.00100 0.00327 0.98499 0.00204 10 85
