0.99982 0.00017 0.00000 0.00000 0.00000 0 0
0.99205 0.00198 0.00010 0.00114 0.00473 5 21
0.07212 0.15995 0.01604 0.62168 0.13021 10 85
0.95989 0.03969 0.00035 0.00006 0.00002 0 0
0.89967 0.08981 0.00052 0.00249 0.00751 5 21
0.55631 0.27957 0.02159 0.07439 0.06814 10 85
0.99075 0.00265 0.00030 0.00566 0.00064 0 0
0.98448 0.00088 0.00094 0.00592 0.00778 5 21
0.55809 0.02645 0.00170 0.38453 0.02923 10 85
0.73686 0.05958 0.02142 0.17507 0.00708 0 0
0.69937 0.09709 0.00873 0.17848 0.01633 5 21
0.16685 0.06339 0.00167 0.70942 0.05867 10 85
0.14532 0.00635 0.12546 0.64735 0.07551 0 0
0.33306 0.02034 0.03437 0.38811 0.22413 5 21
0.29989 0.12441 0.00911 0.18446 0.38213 10 85
0.94552 0.05402 0.00026 0.00003 0.00017 0 0
0.66964 0.07318 0.07249 0.03692 0.14778 5 21
0.26202 0.07524 0.04477 0.32291 0.29507 10 85
0.95197 0.04777 0.00023 0.00001 0.00003 0 0
0.97645 0.01367 0.00046 0.00276 0.00665 5 21
0.42773 0.23664 0.00720 0.14929 0.17914 10 85
0.79270 0.17237 0.01043 0.01708 0.00742 0 0
0.93895 0.03563 0.00512 0.01721 0.00310 5 21
0.83576 0.10288 0.02148 0.01917 0.02072 10 85
0.84988 0.11332 0.01528 0.02023 0.00128 0 0
0.93753 0.02909 0.00215 0.00427 0.02696 5 21
0.62131 0.13512 0.00678 0.12754 0.10924 10 85
0.41908 0.56723 0.00428 0.00429 0.00512 0 0
0.60339 0.11578 0.00766 0.12925 0.14392 5 21
0.63958 0.13515 0.00356 0.20178 0.01993 10 85
0.98115 0.01874 0.00003 0.00002 0.00007 0 0
0.98059 0.01577 0.00163 0.00041 0.00160 5 21
0.76065 0.15751 0.00640 0.02090 0.05455 10 85
0.95401 0.04556 0.00009 0.00004 0.00030 0 0
0.90808 0.06096 0.00090 0.00309 0.02697 5 21
0.66209 0.14112 0.00107 0.11567 0.08004 10 85
0.94367 0.05505 0.00071 0.00055 0.00003 0 0
0.33957 0.64751 0.00068 0.00269 0.00956 5 21
0.59534 0.22919 0.00829 0.10280 0.06437 10 85
0.99645 0.00332 0.00013 0.00004 0.00005 0 0
0.84482 0.09625 0.00159 0.03299 0.02435 5 21
0.46395 0.12917 0.02022 0.34922 0.03743 10 85
0.99734 0.00259 0.00006 0.00000 0.00000 0 0
0.95748 0.03181 0.00040 0.00248 0.00783 5 21
0.61451 0.23131 0.00284 0.08714 0.06420 10 85
0.78621 0.20221 0.00067 0.00032 0.01059 0 0
0.82251 0.11297 0.00139 0.01017 0.05295 5 21
0.26202 0.13976 0.01300 0.47910 0.10611 10 85
0.99883 0.00101 0.00007 0.00000 0.00008 0 0
0.89973 0.06356 0.00481 0.00938 0.02252 5 21
0.41316 0.36785 0.00979 0.09605 0.11315 10 85
0.86233 0.11267 0.01491 0.00823 0.00186 0 0
0.30407 0.19547 0.38469 0.10666 0.00910 5 21
0.51272 0.32970 0.04107 0.08497 0.03155 10 85
0.77086 0.04730 0.04138 0.00213 0.13832 0 0
0.59131 0.04165 0.01939 0.03137 0.31628 5 21
0.17338 0.34758 0.04083 0.30946 0.12875 10 85
0.98463 0.00830 0.00024 0.00481 0.00201 0 0
0.73672 0.13099 0.02548 0.06180 0.04502 5 21
0.54038 0.18805 0.04372 0.16530 0.06255 10 85
0.88534 0.11332 0.00071 0.00003 0.00060 0 0
0.72668 0.16784 0.00512 0.04929 0.05106 5 21
0.36109 0.11745 0.05286 0.29484 0.17377 10 85
0.99579 0.00278 0.00058 0.00033 0.00052 0 0
0.95809 0.01701 0.00136 0.00573 0.01781 5 21
0.43314 0.46436 0.00586 0.03309 0.06355 10 85
0.99474 0.00400 0.00010 0.00024 0.00091 0 0
0.73414 0.06078 0.00191 0.00779 0.19538 5 21
0.01988 0.08363 0.00096 0.82801 0.06752 10 85
0.98696 0.00804 0.00074 0.00093 0.00333 0 0
0.71393 0.12796 0.00483 0.09382 0.05946 5 21
0.37111 0.42357 0.01414 0.11095 0.08023 10 85
0.78882 0.21026 0.00038 0.00037 0.00017 0 0
0.72630 0.17970 0.01218 0.05286 0.02897 5 21
0.13554 0.24402 0.01909 0.58236 0.01899 10 85
0.89883 0.10051 0.00044 0.00017 0.00005 0 0
0.18454 0.35435 0.07836 0.25203 0.13072 5 21
0.67240 0.07074 0.00811 0.15933 0.08942 10 85
0.97789 0.02081 0.00079 0.00041 0.00011 0 0
0.26164 0.69485 0.00719 0.02086 0.01547 5 21
0.73744 0.15854 0.00903 0.04843 0.04656 10 85
0.95032 0.04576 0.00360 0.00002 0.00029 0 0
0.67565 0.18385 0.00280 0.02014 0.11757 5 21
0.74519 0.12929 0.00380 0.07083 0.05088 10 85
0.99459 0.00051 0.00078 0.00109 0.00304 0 0
0.53018 0.11944 0.15736 0.11152 0.08151 5 21
0.50070 0.16277 0.00483 0.08195 0.24975 10 85
0.98693 0.01306 0.00001 0.00000 0.00000 0 0
0.65969 0.24951 0.00215 0.03332 0.05532 5 21
0.42597 0.09452 0.00118 0.35916 0.11918 10 85
0.86963 0.12336 0.00149 0.00110 0.00442 0 0
0.51278 0.13601 0.00267 0.24033 0.10821 5 21
0.58873 0.16964 0.00646 0.05827 0.17690 10 85
0.67018 0.01427 0.00369 0.12032 0.19154 0 0
0.66148 0.17368 0.00131 0.10980 0.05374 5 21
0.48737 0.13822 0.00298 0.36176 0.00968 10 85
0.73569 0.08226 0.00513 0.15060 0.02633 0 0
0.73518 0.07915 0.00407 0.15652 0.02507 5 21
0.07987 0.21215 0.01436 0.62244 0.07118 10 85
0.91816 0.06600 0.00377 0.00021 0.01186 0 0
0.39639 0.55078 0.01026 0.02815 0.01442 5 21
0.14281 0.26380 0.00110 0.55767 0.03462 10 85
0.99662 0.00223 0.00089 0.00022 0.00004 0 0
0.74609 0.10636 0.00443 0.12664 0.01648 5 21
0.70508 0.20614 0.03089 0.02127 0.03663 10 85
0.87467 0.12209 0.00063 0.00040 0.00221 0 0
0.82495 0.13122 0.00038 0.00837 0.03508 5 21
0.16831 0.40766 0.00423 0.25301 0.16680 10 85
0.85515 0.13277 0.00849 0.00135 0.00224 0 0
0.46058 0.50808 0.00538 0.01071 0.01524 5 21
0.74822 0.14595 0.00442 0.04582 0.05559 10 85
0.07969 0.05804 0.11551 0.36529 0.38147 0 0
0.71995 0.04905 0.00614 0.18895 0.03591 5 21
0.32183 0.10990 0.00230 0.46853 0.09744 10 85
0.99788 0.00171 0.00024 0.00007 0.00010 0 0
0.91903 0.07161 0.00164 0.00424 0.00347 5 21
0.25193 0.26545 0.00524 0.38852 0.08885 10 85
0.94672 0.05281 0.00028 0.00010 0.00009 0 0
0.85735 0.06335 0.00253 0.00369 0.07308 5 21
0.30177 0.36401 0.00169 0.09753 0.23501 10 85
0.89414 0.03597 0.00485 0.04456 0.02047 0 0
0.63730 0.09483 0.01413 0.02186 0.23187 5 21
0.61622 0.21738 0.01407 0.08690 0.06543 10 85
0.99485 0.00404 0.00034 0.00020 0.00058 0 0
0.94598 0.02862 0.00678 0.00737 0.01126 5 21
0.50570 0.43460 0.00308 0.03878 0.01785 10 85
0.89014 0.10899 0.00068 0.00013 0.00006 0 0
0.57746 0.32860 0.00265 0.00610 0.08520 5 21
0.51072 0.25090 0.00745 0.12613 0.10481 10 85
0.97005 0.01381 0.00070 0.01285 0.00258 0 0
0.73033 0.17498 0.03452 0.02309 0.03709 5 21
0.48536 0.07109 0.01565 0.36085 0.06705 10 85
0.99950 0.00033 0.00005 0.00003 0.00009 0 0
0.98569 0.00538 0.00009 0.00544 0.00340 5 21
0.79697 0.08025 0.00487 0.07601 0.04189 10 85
0.69278 0.11761 0.09177 0.08176 0.01608 0 0
0.82921 0.04180 0.00880 0.06469 0.05551 5 21
0.52195 0.32706 0.00724 0.09351 0.05024 10 85
0.94095 0.05833 0.00044 0.00012 0.00015 0 0
0.80933 0.17812 0.00045 0.00269 0.00940 5 21
0.19436 0.27900 0.00082 0.33932 0.18649 10 85
0.62153 0.29861 0.00276 0.02639 0.05071 0 0
0.19301 0.65993 0.03828 0.08520 0.02357 5 21
0.20488 0.61587 0.00602 0.07353 0.09969 10 85
0.54602 0.32221 0.00319 0.12069 0.00789 0 0
0.81944 0.08298 0.00048 0.04338 0.05372 5 21
0.15636 0.11366 0.01222 0.51559 0.20216 10 85
0.61293 0.37964 0.00453 0.00224 0.00067 0 0
0.28285 0.68806 0.00201 0.00881 0.01828 5 21
0.42305 0.26992 0.01991 0.18797 0.09915 10 85
