0.01512 0.02919 0.14884 0.13993 0.66692 0 0
0.63026 0.14763 0.01155 0.09770 0.11286 5 21
0.09923 0.05792 0.02114 0.58141 0.24029 10 85
0.00143 0.02079 0.14376 0.54944 0.28459 0 0
0.07154 0.28999 0.04762 0.58548 0.00536 5 21
0.21941 0.48902 0.01404 0.21761 0.05991 10 85
0.00017 0.00114 0.63925 0.01022 0.34922 0 0
0.16305 0.22661 0.02282 0.50003 0.08750 5 21
0.45229 0.07840 0.01037 0.35454 0.10439 10 85
0.00419 0.00914 0.11270 0.01456 0.85942 0 0
0.37142 0.02979 0.02355 0.46128 0.11397 5 21
0.49003 0.07110 0.00795 0.38387 0.04705 10 85
0.00146 0.00263 0.08115 0.00522 0.90955 0 0
0.68466 0.15937 0.00280 0.01872 0.13445 5 21
0.20068 0.70636 0.00126 0.02552 0.06617 10 85
0.04631 0.14761 0.62087 0.05286 0.13234 0 0
0.02493 0.11435 0.66394 0.09233 0.10445 5 21
0.40411 0.35052 0.11196 0.07664 0.05677 10 85
0.06501 0.85511 0.07294 0.00206 0.00488 0 0
0.87679 0.06270 0.00091 0.00208 0.05753 5 21
0.56141 0.13993 0.00492 0.16178 0.13196 10 85
0.03497 0.02903 0.84683 0.02929 0.05988 0 0
0.00314 0.00799 0.00160 0.98483 0.00244 5 21
0.68720 0.04714 0.02007 0.24019 0.00541 10 85
0.00486 0.00158 0.87778 0.00938 0.10641 0 0
0.72842 0.08514 0.01974 0.10730 0.05940 5 21
0.66928 0.09217 0.00149 0.13119 0.10587 10 85
0.00118 0.00131 0.60004 0.00500 0.39247 0 0
0.39732 0.03134 0.12452 0.31797 0.12884 5 21
0.08465 0.02892 0.00148 0.87251 0.01244 10 85
0.04008 0.15490 0.74013 0.06299 0.00190 0 0
0.51888 0.27847 0.07973 0.11638 0.00654 5 21
0.74937 0.10479 0.00511 0.08519 0.05553 10 85
0.00005 0.00019 0.00310 0.00013 0.99653 0 0
0.31150 0.58894 0.00224 0.01111 0.08621 5 21
0.54832 0.16917 0.00581 0.07821 0.19850 10 85
0.75778 0.07297 0.12596 0.01425 0.02903 0 0
0.58871 0.39897 0.00065 0.00159 0.01008 5 21
0.20463 0.02116 0.00813 0.72175 0.04433 10 85
0.55130 0.24815 0.06021 0.03967 0.10066 0 0
0.28383 0.13291 0.26899 0.08181 0.23246 5 21
0.13408 0.16388 0.05374 0.44454 0.20375 10 85
0.07566 0.65387 0.24406 0.00529 0.02112 0 0
0.59512 0.11188 0.08926 0.17439 0.02935 5 21
0.05862 0.06870 0.00532 0.86315 0.00420 10 85
0.00075 0.00262 0.77417 0.20951 0.01294 0 0
0.00280 0.00357 0.54031 0.44360 0.00972 5 21
0.42147 0.12695 0.03907 0.22473 0.18778 10 85
0.09258 0.38506 0.08287 0.12143 0.31805 0 0
0.49123 0.30757 0.01137 0.03303 0.15680 5 21
0.34156 0.14341 0.00285 0.27971 0.23247 10 85
0.04332 0.28972 0.54720 0.03427 0.08550 0 0
0.17445 0.72856 0.00339 0.01838 0.07522 5 21
0.23570 0.55377 0.00993 0.09098 0.10962 10 85
0.01789 0.08650 0.52818 0.00272 0.36470 0 0
0.12761 0.12923 0.04626 0.02933 0.66758 5 21
0.35117 0.27047 0.00740 0.26591 0.10505 10 85
0.00004 0.00105 0.96983 0.02609 0.00298 0 0
0.64494 0.04594 0.00516 0.11535 0.18861 5 21
0.48798 0.05885 0.02376 0.13086 0.29854 10 85
0.00110 0.00361 0.03319 0.01261 0.94950 0 0
0.00608 0.01212 0.00962 0.89733 0.07485 5 21
0.12017 0.04949 0.00061 0.81551 0.01422 10 85
0.09465 0.08529 0.66653 0.14335 0.01018 0 0
0.52997 0.40651 0.00486 0.03676 0.02190 5 21
0.66914 0.18574 0.01451 0.05673 0.07388 10 85
0.00055 0.00060 0.16443 0.00181 0.83261 0 0
0.00029 0.00034 0.00378 0.00229 0.99330 5 21
0.39642 0.09248 0.01067 0.48264 0.01779 10 85
0.00189 0.00371 0.51927 0.42815 0.04699 0 0
0.16686 0.11768 0.26533 0.38871 0.06143 5 21
0.19642 0.07808 0.19260 0.49680 0.03610 10 85
0.00120 0.00652 0.73114 0.23424 0.02689 0 0
0.14220 0.08009 0.12807 0.56970 0.07994 5 21
0.73259 0.08051 0.02704 0.03746 0.12239 10 85
0.00016 0.00033 0.00763 0.00051 0.99137 0 0
0.58700 0.18739 0.00185 0.11651 0.10726 5 21
0.33001 0.15700 0.00218 0.46424 0.04657 10 85
0.00052 0.00133 0.03135 0.00162 0.96518 0 0
0.02143 0.03888 0.01148 0.10478 0.82343 5 21
0.88960 0.07216 0.00487 0.00644 0.02694 10 85
0.00314 0.00106 0.02371 0.11031 0.86179 0 0
0.56974 0.04915 0.04317 0.26270 0.07524 5 21
0.32058 0.12215 0.02646 0.39917 0.13164 10 85
0.04110 0.08304 0.45183 0.41296 0.01108 0 0
0.28628 0.20710 0.34023 0.15696 0.00943 5 21
0.35532 0.25893 0.17435 0.18407 0.02733 10 85
0.00375 0.00437 0.53051 0.43272 0.02865 0 0
0.91741 0.02355 0.02962 0.00644 0.02297 5 21
0.53835 0.11402 0.00425 0.28102 0.06236 10 85
0.00393 0.98123 0.01075 0.00177 0.00232 0 0
0.50148 0.34901 0.03861 0.06968 0.04122 5 21
0.31674 0.20382 0.00473 0.18685 0.28787 10 85
0.10607 0.05925 0.64807 0.11867 0.06793 0 0
0.54949 0.30427 0.00818 0.08075 0.05732 5 21
0.70528 0.11075 0.00916 0.07677 0.09804 10 85
0.52715 0.19290 0.01750 0.15134 0.11111 0 0
0.54778 0.05191 0.15262 0.10816 0.13953 5 21
0.32053 0.23684 0.05281 0.25332 0.13649 10 85
0.00051 0.00080 0.03596 0.00218 0.96055 0 0
0.00021 0.00056 0.00235 0.00298 0.99391 5 21
0.00088 0.00309 0.00904 0.01536 0.97164 10 85
0.20718 0.05014 0.22924 0.46050 0.05293 0 0
0.38897 0.16874 0.07734 0.34773 0.01722 5 21
0.58543 0.20820 0.02278 0.11234 0.07125 10 85
0.01230 0.00318 0.48090 0.49389 0.00973 0 0
0.57841 0.17884 0.03667 0.15827 0.04782 5 21
0.09451 0.05580 0.00494 0.67749 0.16726 10 85
0.43553 0.03644 0.43168 0.01336 0.08299 0 0
0.22053 0.11833 0.57786 0.01505 0.06822 5 21
0.60708 0.26716 0.03681 0.06831 0.02063 10 85
0.00012 0.00020 0.00604 0.00040 0.99325 0 0
0.42556 0.08298 0.02109 0.28472 0.18565 5 21
0.35145 0.16946 0.00691 0.36204 0.11014 10 85
0.37775 0.06708 0.54207 0.00605 0.00706 0 0
0.54635 0.11294 0.10637 0.18747 0.04687 5 21
0.42974 0.17517 0.02305 0.11269 0.25935 10 85
0.08766 0.16363 0.17856 0.04470 0.52545 0 0
0.39700 0.16623 0.00362 0.37281 0.06034 5 21
0.30293 0.09848 0.00291 0.52664 0.06905 10 85
0.51342 0.06828 0.33623 0.00083 0.08123 0 0
0.65698 0.31713 0.00044 0.01530 0.01015 5 21
0.46710 0.03742 0.00144 0.44913 0.04491 10 85
0.04866 0.08643 0.26568 0.08762 0.51162 0 0
0.14081 0.07340 0.03101 0.08795 0.66683 5 21
0.36437 0.07397 0.00043 0.53626 0.02498 10 85
0.00105 0.00206 0.17295 0.00467 0.81927 0 0
0.65113 0.12594 0.03973 0.03639 0.14682 5 21
0.39350 0.05983 0.00108 0.50684 0.03875 10 85
0.00219 0.00814 0.52516 0.02220 0.44231 0 0
0.10860 0.00655 0.00719 0.01864 0.85902 5 21
0.77332 0.08991 0.00347 0.03962 0.09367 10 85
0.65456 0.33016 0.01247 0.00061 0.00219 0 0
0.19166 0.79349 0.01114 0.00067 0.00304 5 21
0.32048 0.50204 0.00736 0.15972 0.01039 10 85
0.00195 0.03263 0.48003 0.03591 0.44949 0 0
0.66708 0.22137 0.01323 0.01200 0.08633 5 21
0.44332 0.13202 0.01757 0.18968 0.21741 10 85
0.00008 0.00117 0.64537 0.34574 0.00764 0 0
0.37825 0.13115 0.18716 0.18236 0.12108 5 21
0.51371 0.04055 0.03439 0.34863 0.06271 10 85
