0.91479 0.08394 0.00080 0.00016 0.00032 0 0
0.55911 0.24108 0.01032 0.17219 0.01731 5 21
0.44780 0.23330 0.17384 0.12936 0.01570 10 85
0.02557 0.82359 0.14233 0.00699 0.00152 0 0
0.36301 0.44773 0.00829 0.14916 0.03181 5 21
0.03997 0.02185 0.00568 0.83669 0.09581 10 85
0.04607 0.91129 0.00616 0.02991 0.00658 0 0
0.31704 0.08475 0.02661 0.04291 0.52868 5 21
0.36261 0.09506 0.00340 0.29897 0.23996 10 85
0.00264 0.99304 0.00193 0.00134 0.00105 0 0
0.00184 0.98949 0.00584 0.00208 0.00074 5 21
0.17384 0.53335 0.02039 0.19130 0.08112 10 85
0.42468 0.32712 0.01776 0.00443 0.22601 0 0
0.61296 0.21405 0.00611 0.10091 0.06596 5 21
0.45302 0.25389 0.00873 0.24224 0.04212 10 85
0.09672 0.82337 0.04493 0.00659 0.02840 0 0
0.08248 0.63843 0.00091 0.25996 0.01822 5 21
0.02224 0.02365 0.00760 0.93854 0.00797 10 85
0.00100 0.99758 0.00048 0.00080 0.00015 0 0
0.05361 0.93489 0.00031 0.00781 0.00338 5 21
0.66467 0.22550 0.00866 0.06530 0.03588 10 85
0.02312 0.93658 0.00523 0.03320 0.00187 0 0
0.06553 0.44568 0.00314 0.48014 0.00552 5 21
0.18935 0.30020 0.03479 0.27979 0.19587 10 85
0.40589 0.55854 0.00441 0.02853 0.00263 0 0
0.14766 0.76563 0.00352 0.07699 0.00620 5 21
0.40983 0.13334 0.01316 0.14861 0.29506 10 85
0.58803 0.35246 0.00599 0.03421 0.01930 0 0
0.94658 0.01002 0.00063 0.00450 0.03827 5 21
0.00777 0.00211 0.00005 0.95208 0.03799 10 85
0.00007 0.75530 0.00625 0.23679 0.00159 0 0
0.00322 0.44653 0.00223 0.54676 0.00126 5 21
0.06264 0.04404 0.00736 0.87228 0.01368 10 85
0.01557 0.15656 0.05183 0.53856 0.23747 0 0
0.06233 0.29548 0.00608 0.41828 0.21783 5 21
0.28317 0.09299 0.00379 0.45830 0.16176 10 85
0.08452 0.86662 0.01440 0.02381 0.01065 0 0
0.06295 0.14752 0.00113 0.77627 0.01213 5 21
0.28743 0.10615 0.00563 0.59148 0.00931 10 85
0.15963 0.81516 0.00894 0.00150 0.01477 0 0
0.62194 0.12839 0.06077 0.06603 0.12288 5 21
0.45602 0.32406 0.04948 0.07781 0.09263 10 85
0.00001 0.99992 0.00005 0.00000 0.00001 0 0
0.26517 0.34208 0.01810 0.33645 0.03821 5 21
0.07522 0.40302 0.00906 0.32381 0.18890 10 85
0.01150 0.91374 0.06073 0.01050 0.00352 0 0
0.72799 0.19744 0.01474 0.03107 0.02876 5 21
0.51802 0.04861 0.01215 0.33285 0.08838 10 85
0.39366 0.59556 0.00157 0.00464 0.00456 0 0
0.18591 0.78774 0.00214 0.02026 0.00395 5 21
0.31320 0.06889 0.01113 0.56862 0.03816 10 85
0.02185 0.91820 0.00607 0.00546 0.04842 0 0
0.24306 0.42134 0.06034 0.23971 0.03555 5 21
0.70987 0.19007 0.00732 0.03226 0.06048 10 85
0.00671 0.98794 0.00317 0.00086 0.00133 0 0
0.03660 0.88615 0.05253 0.01147 0.01324 5 21
0.85942 0.08578 0.00335 0.04535 0.00610 10 85
0.44378 0.52827 0.02168 0.00072 0.00556 0 0
0.10279 0.65792 0.00606 0.20738 0.02586 5 21
0.44935 0.05031 0.00114 0.39359 0.10561 10 85
0.00243 0.99013 0.00077 0.00625 0.00042 0 0
0.00856 0.96472 0.00482 0.02006 0.00185 5 21
0.19143 0.38672 0.00841 0.35231 0.06112 10 85
0.00064 0.99500 0.00011 0.00402 0.00022 0 0
0.01107 0.94908 0.00067 0.03748 0.00169 5 21
0.45398 0.10872 0.00823 0.35803 0.07105 10 85
0.00011 0.99953 0.00012 0.00023 0.00001 0 0
0.11894 0.86898 0.00017 0.00809 0.00382 5 21
0.48658 0.10266 0.01280 0.37488 0.02307 10 85
0.10843 0.53027 0.00289 0.34947 0.00893 0 0
0.37557 0.47498 0.00083 0.12914 0.01948 5 21
0.48852 0.40437 0.00150 0.04003 0.06558 10 85
0.05606 0.93696 0.00623 0.00046 0.00030 0 0
0.30020 0.66541 0.00087 0.02287 0.01064 5 21
0.46982 0.20435 0.01723 0.21196 0.09662 10 85
0.00708 0.98783 0.00016 0.00411 0.00082 0 0
0.77786 0.15424 0.00142 0.04165 0.02483 5 21
0.37526 0.37042 0.00461 0.16487 0.08484 10 85
0.02297 0.76372 0.17766 0.03431 0.00134 0 0
0.44214 0.17245 0.08364 0.25573 0.04604 5 21
0.29123 0.13985 0.01869 0.18707 0.36317 10 85
0.75968 0.23814 0.00148 0.00034 0.00035 0 0
0.63599 0.28430 0.00717 0.01849 0.05405 5 21
0.41135 0.14290 0.00632 0.27602 0.16341 10 85
0.03633 0.16751 0.02845 0.66219 0.10552 0 0
0.39668 0.27599 0.01190 0.30795 0.00749 5 21
0.62312 0.13087 0.06799 0.11371 0.06431 10 85
0.46000 0.43564 0.01989 0.01029 0.07418 0 0
0.88211 0.04680 0.00251 0.01114 0.05745 5 21
0.63384 0.06065 0.00383 0.24449 0.05718 10 85
0.00301 0.99695 0.00003 0.00001 0.00001 0 0
0.00989 0.98505 0.00057 0.00288 0.00161 5 21
0.34871 0.46134 0.01132 0.11967 0.05896 10 85
0.00365 0.98808 0.00730 0.00034 0.00064 0 0
0.26326 0.24186 0.00126 0.46896 0.02466 5 21
0.29527 0.11506 0.01183 0.55679 0.02104 10 85
0.00024 0.99669 0.00258 0.00044 0.00004 0 0
0.00849 0.98970 0.00003 0.00104 0.00073 5 21
0.01486 0.05425 0.01214 0.83788 0.08087 10 85
0.22085 0.56384 0.01362 0.12041 0.08127 0 0
0.19960 0.15379 0.00052 0.56420 0.08188 5 21
0.49435 0.09034 0.00245 0.38141 0.03146 10 85
0.00296 0.99506 0.00027 0.00167 0.00004 0 0
0.65248 0.25175 0.00257 0.07709 0.01611 5 21
0.64398 0.08000 0.04632 0.14609 0.08361 10 85
0.11816 0.86762 0.00094 0.00779 0.00549 0 0
0.61359 0.28417 0.00027 0.08931 0.01266 5 21
0.57662 0.12339 0.01063 0.21492 0.07444 10 85
0.10062 0.83249 0.00125 0.01180 0.05383 0 0
0.54579 0.17755 0.00629 0.01771 0.25266 5 21
0.71368 0.21191 0.00074 0.04866 0.02500 10 85
0.18502 0.58187 0.12293 0.08199 0.02819 0 0
0.05885 0.00657 0.00244 0.90627 0.02586 5 21
0.01610 0.00268 0.00220 0.97356 0.00547 10 85
0.15639 0.84269 0.00028 0.00056 0.00007 0 0
0.13695 0.75064 0.00204 0.07596 0.03442 5 21
0.56318 0.16541 0.00191 0.17443 0.09507 10 85
0.06377 0.90871 0.01358 0.00847 0.00547 0 0
0.18281 0.64344 0.03139 0.13216 0.01019 5 21
0.47218 0.11139 0.01490 0.29652 0.10500 10 85
0.00748 0.98664 0.00025 0.00493 0.00071 0 0
0.77046 0.12015 0.00475 0.08345 0.02120 5 21
0.29532 0.22639 0.01765 0.30203 0.15861 10 85
0.02065 0.96451 0.00110 0.01097 0.00278 0 0
0.03326 0.88693 0.00068 0.07703 0.00210 5 21
0.14077 0.20685 0.02375 0.55657 0.07206 10 85
0.01991 0.92913 0.04525 0.00323 0.00248 0 0
0.11818 0.77402 0.00198 0.09594 0.00990 5 21
0.42530 0.10703 0.03158 0.35737 0.07872 10 85
0.00029 0.99875 0.00083 0.00005 0.00008 0 0
0.56297 0.35209 0.00533 0.07033 0.00927 5 21
0.42321 0.34720 0.00756 0.20710 0.01493 10 85
0.05773 0.93884 0.00262 0.00015 0.00067 0 0
0.51281 0.13967 0.01674 0.22048 0.11031 5 21
0.39790 0.19011 0.02367 0.15188 0.23644 10 85
0.01767 0.98034 0.00144 0.00030 0.00026 0 0
0.24149 0.72010 0.00198 0.02982 0.00661 5 21
0.25389 0.08309 0.01003 0.51312 0.13987 10 85
0.69279 0.06932 0.09223 0.09570 0.04996 0 0
0.21775 0.09466 0.02816 0.63112 0.02831 5 21
0.47106 0.03427 0.02043 0.27155 0.20270 10 85
0.21260 0.78635 0.00073 0.00020 0.00011 0 0
0.66803 0.15641 0.01823 0.05288 0.10444 5 21
0.69507 0.16512 0.00972 0.09511 0.03499 10 85
0.01088 0.98741 0.00116 0.00022 0.00033 0 0
0.45088 0.53611 0.00206 0.00272 0.00822 5 21
0.62536 0.18996 0.01105 0.09826 0.07537 10 85
0.01337 0.98573 0.00002 0.00086 0.00002 0 0
0.05875 0.91831 0.00022 0.01909 0.00364 5 21
0.46195 0.18112 0.02387 0.21101 0.12205 10 85
