0.87742 0.07153 0.01015 0.01836 0.02254 2 3
0.81185 0.05419 0.00187 0.08783 0.04427 5 21
0.04405 0.00624 0.01009 0.91090 0.02872 9 70
0.24951 0.14394 0.36999 0.19860 0.03796 14 165
0.16036 0.51801 0.28085 0.02935 0.01144 20 330
0.13584 0.34033 0.44148 0.05174 0.03062 27 597
0.15736 0.57105 0.14031 0.11067 0.02061 35 994
0.09638 0.62096 0.18937 0.08126 0.01204 44 1561
0.02725 0.78828 0.09635 0.07784 0.01028 54 2338
0.03245 0.75781 0.06701 0.13419 0.00855 65 3373
0.03050 0.67260 0.06988 0.21885 0.00818 77 4726
0.01266 0.83861 0.04904 0.09736 0.00232 90 6447
0.01537 0.87421 0.03341 0.07504 0.00196 104 8587
0.00483 0.92557 0.03499 0.03301 0.00159 119 10634
0.01379 0.83641 0.08320 0.06335 0.00324 135 11679
0.02172 0.74482 0.11428 0.11475 0.00443 152 12089
0.00555 0.85276 0.06292 0.07658 0.00219 170 12099
