0.88596 0.01447 0.01063 0.03042 0.05853 2 3
0.25830 0.00255 0.00630 0.53826 0.19459 5 21
0.83300 0.00625 0.00084 0.15187 0.00804 9 70
0.48704 0.07944 0.23695 0.17281 0.02376 14 165
0.15717 0.25126 0.53072 0.03374 0.02712 20 330
0.25466 0.37336 0.31908 0.02420 0.02870 27 597
0.06901 0.53148 0.33034 0.04100 0.02816 35 994
0.03210 0.62777 0.23438 0.09567 0.01008 44 1561
0.08078 0.67848 0.13284 0.09943 0.00847 54 2338
0.06856 0.62616 0.16289 0.12963 0.01276 65 3373
0.06568 0.68165 0.09093 0.15077 0.01096 77 4726
0.06429 0.53006 0.10132 0.29487 0.00946 90 6447
0.01952 0.78529 0.08059 0.11022 0.00438 104 8587
0.02394 0.78205 0.06426 0.12363 0.00612 119 10634
0.01513 0.78827 0.09737 0.09322 0.00600 135 11679
0.05706 0.68543 0.12743 0.11980 0.01028 152 12089
0.01274 0.78144 0.09071 0.11216 0.00295 170 12099
