0.92082 0.01462 0.00889 0.02654 0.02913 2 3
0.22909 0.00794 0.00859 0.64391 0.11047 5 21
0.94860 0.02331 0.00260 0.02163 0.00386 9 70
0.76084 0.09347 0.07444 0.06080 0.01044 14 165
0.12511 0.59434 0.24684 0.01869 0.01501 20 330
0.07242 0.41303 0.48201 0.01733 0.01521 27 597
0.10591 0.75775 0.09937 0.02095 0.01601 35 994
0.10707 0.63533 0.18604 0.05508 0.01648 44 1561
0.01976 0.79111 0.10513 0.07817 0.00583 54 2338
0.08698 0.35257 0.20134 0.33671 0.02239 65 3373
0.03082 0.82682 0.09648 0.03978 0.00610 77 4726
0.00651 0.89498 0.04831 0.04849 0.00171 90 6447
0.01084 0.84241 0.04946 0.09390 0.00339 104 8587
0.02145 0.60381 0.14067 0.22501 0.00906 119 10634
0.02919 0.70333 0.11629 0.14333 0.00785 135 11679
0.02296 0.68979 0.07984 0.19939 0.00802 152 12089
0.02268 0.78814 0.06792 0.11682 0.00443 170 12099
