0.19679 0.03396 0.00254 0.76311 0.00359 2 3
0.47600 0.08042 0.00209 0.43836 0.00313 5 21
0.46815 0.16390 0.00313 0.36158 0.00324 9 70
0.34132 0.29359 0.00141 0.34580 0.01788 14 165
0.29953 0.45086 0.02512 0.21784 0.00664 20 330
0.05351 0.26298 0.00822 0.66930 0.00600 27 597
0.06321 0.43712 0.00548 0.48938 0.00481 35 994
0.04963 0.58468 0.01343 0.34747 0.00480 44 1561
0.06463 0.29769 0.01350 0.61582 0.00835 54 2338
0.12621 0.62195 0.03786 0.20681 0.00718 65 3373
0.25680 0.35339 0.01577 0.36904 0.00499 77 4726
0.28373 0.41428 0.02986 0.26273 0.00939 90 6447
0.11824 0.67657 0.02690 0.17569 0.00262 104 8587
0.03666 0.79742 0.01592 0.14908 0.00092 119 10634
0.08466 0.78036 0.00899 0.12460 0.00139 135 11679
0.02078 0.84282 0.03281 0.10316 0.00043 152 12089
0.03209 0.79896 0.03332 0.13467 0.00097 170 12099
