0.89040 0.87742 0.88596 0.92082 0.19679 2
0.99931 0.81185 0.25830 0.22909 0.47600 5
0.82857 0.04405 0.83300 0.94860 0.46815 9
0.42431 0.24951 0.48704 0.76084 0.34132 14
0.07928 0.16036 0.15717 0.12511 0.29953 20
0.07179 0.13584 0.25466 0.07242 0.05351 27
0.02872 0.15736 0.06901 0.10591 0.06321 35
0.04432 0.09638 0.03210 0.10707 0.04963 44
0.01918 0.02725 0.08078 0.01976 0.06463 54
0.06280 0.03245 0.06856 0.08698 0.12621 65
0.01659 0.03050 0.06568 0.03082 0.25680 77
0.17381 0.01266 0.06429 0.00651 0.28373 90
0.04226 0.01537 0.01952 0.01084 0.11824 104
0.10119 0.00483 0.02394 0.02145 0.03666 119
