0.00008 0.00009 0.00113 0.00062 0.99808 0 0
0.87138 0.03104 0.00069 0.08609 0.01080 10 85
0.61709 0.23160 0.11183 0.03021 0.00927 20 330
0.42270 0.14412 0.39906 0.02791 0.00620 30 731
0.01412 0.02833 0.79258 0.16441 0.00055 40 1292
0.00392 0.01065 0.28412 0.70077 0.00054 50 2005
0.00379 0.01681 0.19701 0.78215 0.00023 60 2878
0.04980 0.06263 0.47450 0.41160 0.00148 70 3909
0.01618 0.02090 0.03989 0.92215 0.00087 80 5096
0.02965 0.02138 0.10905 0.83637 0.00355 90 6447
0.18522 0.07101 0.21739 0.51443 0.01195 100 7948
0.13683 0.11539 0.06724 0.67644 0.00410 110 9601
0.24525 0.00822 0.04147 0.69982 0.00524 120 11291
0.00352 0.00377 0.00860 0.00063 0.98348 0 0
0.81408 0.11799 0.00537 0.01365 0.04891 10 85
0.68287 0.18435 0.00390 0.11372 0.01516 20 330
0.31704 0.51202 0.10519 0.04572 0.02003 30 731
0.09675 0.64344 0.18324 0.05908 0.01749 40 1292
0.01667 0.89713 0.01669 0.06364 0.00587 50 2005
0.02285 0.86557 0.05246 0.05035 0.00877 60 2878
0.00361 0.95537 0.02148 0.01765 0.00190 70 3909
0.03757 0.62000 0.05942 0.26541 0.01760 80 5096
0.04522 0.26534 0.07440 0.60602 0.00902 90 6447
0.07474 0.32003 0.03815 0.55857 0.00850 100 7948
0.10813 0.12597 0.03484 0.72502 0.00604 110 9601
0.10951 0.28916 0.01689 0.58072 0.00372 120 11422
0.00458 0.00263 0.00429 0.01459 0.97391 0 0
0.42045 0.23836 0.00968 0.19297 0.13854 10 85
0.47584 0.24929 0.08631 0.14912 0.03944 20 330
0.33400 0.17256 0.46437 0.02044 0.00863 30 731
0.05661 0.47521 0.39687 0.05702 0.01430 40 1292
0.08825 0.69064 0.12757 0.07602 0.01752 50 2005
0.05057 0.69278 0.07070 0.17421 0.01175 60 2878
0.08185 0.59955 0.07918 0.22053 0.01889 70 3909
0.06136 0.44181 0.03866 0.45175 0.00642 80 5096
0.01899 0.66542 0.06494 0.24788 0.00277 90 6447
0.03555 0.55301 0.04917 0.35925 0.00303 100 7948
0.05446 0.48905 0.03232 0.41820 0.00597 110 9601
0.03936 0.64656 0.08051 0.23087 0.00270 120 11422
0.00002 0.00003 0.00071 0.00016 0.99908 0 0
0.55640 0.35804 0.00657 0.03291 0.04608 10 85
0.84908 0.08248 0.01700 0.03364 0.01780 20 330
0.31821 0.26736 0.37651 0.02267 0.01525 30 731
0.28064 0.39764 0.26057 0.03141 0.02974 40 1292
0.08028 0.24542 0.54585 0.11247 0.01598 50 2005
0.10933 0.37238 0.43323 0.07953 0.00553 60 2878
0.01341 0.60224 0.01836 0.35941 0.00658 70 3909
0.06259 0.35382 0.08705 0.48731 0.00923 80 5096
0.03186 0.53698 0.05567 0.36967 0.00582 90 6447
0.06949 0.18337 0.09159 0.64641 0.00913 100 7948
0.11538 0.43689 0.07901 0.35860 0.01011 110 9601
0.03657 0.36073 0.04414 0.55435 0.00422 120 11422
0.00008 0.00021 0.00052 0.00041 0.99877 0 0
0.55157 0.20054 0.01227 0.16101 0.07461 10 85
0.82132 0.08434 0.02412 0.03200 0.03822 20 330
0.39748 0.36064 0.17092 0.03657 0.03438 30 731
0.07793 0.56834 0.25429 0.08163 0.01780 40 1292
0.23043 0.35952 0.22358 0.14276 0.04371 50 2005
0.19864 0.26182 0.29926 0.18749 0.05278 60 2878
0.13916 0.60483 0.10903 0.13496 0.01202 70 3909
0.34158 0.11800 0.20573 0.31206 0.02262 80 5096
0.13841 0.57681 0.09801 0.18113 0.00564 90 6447
0.17631 0.48166 0.04098 0.29328 0.00778 100 7948
0.17290 0.54655 0.02662 0.24916 0.00477 110 9601
0.19411 0.40438 0.02171 0.37082 0.00899 120 11422
0.00117 0.00259 0.00787 0.00046 0.98791 0 0
0.39507 0.06089 0.00106 0.05718 0.48581 10 85
0.21544 0.02525 0.02174 0.68111 0.05646 20 330
0.06323 0.31620 0.01580 0.55726 0.04751 30 731
0.06958 0.51559 0.02493 0.36875 0.02116 40 1292
0.02492 0.85404 0.00971 0.10633 0.00499 50 2005
0.04513 0.75146 0.01801 0.17673 0.00868 60 2878
0.04256 0.82148 0.01210 0.11577 0.00809 70 3909
0.07129 0.75051 0.01346 0.15825 0.00648 80 5096
0.21475 0.39399 0.11999 0.22739 0.04388 90 6447
0.20283 0.27388 0.10779 0.39007 0.02543 100 7948
0.13796 0.65681 0.04757 0.14357 0.01409 110 9601
0.21595 0.38323 0.11231 0.27483 0.01368 120 11422
0.00010 0.00028 0.00741 0.00076 0.99146 0 0
0.24293 0.06117 0.00166 0.62309 0.07115 10 85
0.30739 0.36855 0.02535 0.27118 0.02753 20 330
0.10176 0.70470 0.06981 0.10013 0.02361 30 731
0.07803 0.77627 0.11920 0.02230 0.00420 40 1292
0.11881 0.57464 0.26061 0.03933 0.00661 50 2005
0.05347 0.64011 0.20812 0.09383 0.00447 60 2878
0.08209 0.60700 0.11497 0.18740 0.00854 70 3909
0.02520 0.86349 0.03195 0.07683 0.00254 80 5096
0.27101 0.23156 0.34255 0.14118 0.01370 90 6447
0.06933 0.41245 0.24337 0.25982 0.01503 100 7948
0.10489 0.36179 0.12114 0.40673 0.00545 110 9601
0.10248 0.12569 0.23742 0.52473 0.00969 120 11422
0.00005 0.00006 0.00111 0.00457 0.99421 0 0
0.52454 0.08553 0.06012 0.22623 0.10358 10 85
0.53561 0.29677 0.05251 0.08283 0.03228 20 330
0.05718 0.43335 0.46450 0.03044 0.01453 30 731
0.10448 0.53563 0.30737 0.03596 0.01657 40 1292
0.27524 0.50575 0.02614 0.18586 0.00700 50 2005
0.09673 0.70431 0.00474 0.19128 0.00294 60 2878
0.19532 0.57211 0.02292 0.20120 0.00846 70 3909
0.15548 0.49238 0.02263 0.32168 0.00783 80 5096
0.30511 0.37484 0.03491 0.27306 0.01209 90 6447
0.15997 0.48306 0.00937 0.34257 0.00502 100 7948
0.27753 0.17967 0.07129 0.45670 0.01481 110 9601
0.17577 0.13878 0.04273 0.62916 0.01355 120 11326
0.00014 0.00068 0.00030 0.00022 0.99866 0 0
0.22055 0.04214 0.00155 0.68857 0.04719 10 85
0.55085 0.04916 0.04622 0.31993 0.03384 20 330
0.04519 0.53254 0.03099 0.36997 0.02130 30 731
0.00995 0.86156 0.00482 0.12089 0.00278 40 1292
0.00902 0.58118 0.00219 0.40467 0.00295 50 2005
0.04957 0.46737 0.00208 0.47403 0.00695 60 2878
0.12029 0.40370 0.00832 0.40578 0.06192 70 3909
0.05740 0.43431 0.00476 0.49220 0.01133 80 5096
0.05957 0.40300 0.01252 0.51837 0.00655 90 6447
0.11029 0.25952 0.01106 0.60421 0.01492 100 7948
0.17887 0.22384 0.02453 0.55073 0.02204 110 9601
0.14678 0.39612 0.01591 0.41911 0.02208 120 11422
0.00002 0.00004 0.00109 0.00018 0.99867 0 0
0.19715 0.25862 0.00508 0.53086 0.00829 10 85
0.45303 0.14126 0.38118 0.01504 0.00949 20 330
0.23851 0.08212 0.66554 0.01097 0.00285 30 731
0.21744 0.07619 0.66932 0.02601 0.01105 40 1292
0.26475 0.09036 0.53680 0.09265 0.01544 50 2005
0.16010 0.18622 0.52677 0.12059 0.00632 60 2878
0.08137 0.26327 0.39320 0.25728 0.00487 70 3909
0.12401 0.10467 0.15010 0.61174 0.00948 80 5096
0.17405 0.12085 0.12377 0.56668 0.01466 90 6447
0.10059 0.00468 0.47837 0.39006 0.02630 100 7948
0.26372 0.03809 0.23528 0.44029 0.02262 110 9539
0.20299 0.02972 0.11081 0.64932 0.00716 120 10915
0.00018 0.00025 0.01692 0.00087 0.98178 0 0
0.23169 0.06319 0.00328 0.69308 0.00876 10 85
0.57968 0.18772 0.11402 0.10371 0.01487 20 330
0.45314 0.32975 0.19509 0.01403 0.00799 30 731
0.32150 0.33110 0.20109 0.09669 0.04962 40 1292
0.24973 0.45497 0.17714 0.10480 0.01335 50 2005
0.25006 0.33567 0.09401 0.31206 0.00821 60 2878
0.23934 0.06346 0.13862 0.53286 0.02572 70 3909
0.58169 0.05357 0.24069 0.09834 0.02572 80 5096
0.48264 0.03292 0.30194 0.16782 0.01468 90 6447
0.58998 0.02447 0.17988 0.17995 0.02572 100 7948
0.37427 0.03648 0.21083 0.35771 0.02071 110 9601
0.55326 0.05906 0.15357 0.19108 0.04303 120 11422
0.00009 0.00031 0.00314 0.00157 0.99490 0 0
0.04099 0.01498 0.00072 0.71791 0.22540 10 85
0.36832 0.23544 0.04455 0.33132 0.02037 20 330
0.13348 0.58287 0.13638 0.13143 0.01583 30 731
0.01887 0.53807 0.02672 0.40781 0.00854 40 1292
0.05898 0.68588 0.13692 0.10839 0.00984 50 2005
0.11376 0.49244 0.29328 0.09680 0.00371 60 2878
0.05085 0.31671 0.47771 0.14386 0.01087 70 3909
0.06614 0.43139 0.11005 0.36431 0.02810 80 5096
0.04846 0.57574 0.18574 0.17917 0.01090 90 6447
0.22432 0.23626 0.13347 0.39104 0.01490 100 7948
0.08568 0.45239 0.12147 0.32865 0.01180 110 9601
0.08870 0.17719 0.27809 0.43501 0.02101 120 11422
0.00005 0.00007 0.00100 0.00017 0.99871 0 0
0.67412 0.21168 0.01400 0.07217 0.02803 10 85
0.61075 0.05177 0.13065 0.17860 0.02824 20 330
0.27124 0.12430 0.56106 0.03237 0.01103 30 731
0.14272 0.17939 0.59448 0.05214 0.03127 40 1292
0.05757 0.64981 0.21088 0.05345 0.02830 50 2005
0.08560 0.51000 0.36669 0.02631 0.01139 60 2878
0.09562 0.55747 0.19903 0.14084 0.00704 70 3909
0.02933 0.87637 0.06912 0.02353 0.00165 80 5096
0.01158 0.55004 0.25643 0.18065 0.00131 90 6447
0.02728 0.56552 0.16721 0.23805 0.00193 100 7948
0.03740 0.53257 0.03951 0.38931 0.00121 110 9601
0.07554 0.30486 0.13813 0.47766 0.00380 120 11422
0.00005 0.00005 0.00475 0.00017 0.99498 0 0
0.00569 0.00321 0.00053 0.94419 0.04638 10 85
0.34378 0.09300 0.01128 0.51723 0.03472 20 330
0.08468 0.56014 0.03290 0.28146 0.04081 30 731
0.05767 0.54613 0.07614 0.30589 0.01417 40 1292
0.05688 0.69097 0.10545 0.13579 0.01090 50 2005
0.05005 0.60912 0.17435 0.16284 0.00363 60 2878
0.05893 0.53034 0.04411 0.35360 0.01301 70 3909
0.02937 0.77262 0.03363 0.16095 0.00343 80 5096
0.01135 0.79342 0.01892 0.17477 0.00154 90 6447
0.10317 0.64318 0.06404 0.18312 0.00649 100 7948
0.07073 0.65381 0.08430 0.18722 0.00394 110 9509
0.03782 0.58126 0.07390 0.30015 0.00688 120 10858
0.00010 0.00035 0.00111 0.00061 0.99783 0 0
0.32527 0.13012 0.02297 0.37509 0.14655 10 85
0.87949 0.02113 0.01100 0.05856 0.02983 20 330
0.12926 0.39114 0.17182 0.24438 0.06340 30 731
0.09562 0.29308 0.43245 0.13261 0.04625 40 1292
0.05219 0.81620 0.07480 0.04547 0.01133 50 2005
0.02850 0.87705 0.02604 0.06457 0.00384 60 2878
0.02206 0.79502 0.00405 0.17681 0.00206 70 3909
0.25057 0.16653 0.08655 0.47269 0.02365 80 5096
0.07860 0.63799 0.01186 0.26526 0.00629 90 6447
0.15787 0.17364 0.07850 0.56219 0.02780 100 7948
0.10085 0.11620 0.12558 0.62829 0.02907 110 9601
0.20001 0.32503 0.04584 0.41919 0.00993 120 11422
0.00001 0.00003 0.00015 0.17467 0.82513 0 0
0.26626 0.03718 0.06243 0.57051 0.06362 10 85
0.61093 0.23914 0.03502 0.09649 0.01842 20 330
0.47865 0.28292 0.17228 0.04510 0.02105 30 731
0.16062 0.58252 0.18500 0.04039 0.03147 40 1292
0.12002 0.65430 0.11814 0.07148 0.03606 50 2005
0.41517 0.31954 0.21308 0.04253 0.00968 60 2878
0.10039 0.77874 0.04528 0.06557 0.01002 70 3909
0.12788 0.42340 0.14391 0.29006 0.01474 80 5096
0.01714 0.90207 0.05416 0.02460 0.00203 90 6447
0.10305 0.35111 0.11285 0.40979 0.02320 100 7948
0.12175 0.22264 0.06724 0.58351 0.00486 110 9509
0.06408 0.56439 0.14725 0.21457 0.00971 120 10858
0.00044 0.00004 0.00068 0.82357 0.17529 0 0
0.00262 0.00043 0.00117 0.99538 0.00041 10 85
0.47942 0.16069 0.15565 0.19489 0.00936 20 330
0.14493 0.35786 0.46570 0.01513 0.01638 30 731
0.07169 0.79099 0.09995 0.02092 0.01644 40 1292
0.09044 0.56583 0.19279 0.14664 0.00431 50 2005
0.04397 0.50212 0.05683 0.39461 0.00247 60 2878
0.02263 0.24359 0.07799 0.65347 0.00231 70 3909
0.02378 0.29177 0.09251 0.58834 0.00360 80 5096
0.06415 0.08819 0.07492 0.76661 0.00614 90 6447
0.15134 0.06950 0.11906 0.63562 0.02447 100 7948
0.18034 0.04927 0.06230 0.70181 0.00629 110 9601
0.10273 0.12269 0.08920 0.67416 0.01123 120 11422
0.00163 0.00247 0.01650 0.43403 0.54536 0 0
0.03468 0.01615 0.00117 0.91618 0.03182 10 85
0.58609 0.13767 0.04160 0.18016 0.05448 20 330
0.14567 0.67475 0.13782 0.02270 0.01906 30 731
0.10364 0.58576 0.03156 0.26027 0.01878 40 1292
0.28358 0.33608 0.05303 0.30512 0.02219 50 2005
0.04111 0.73041 0.00905 0.21067 0.00875 60 2878
0.09881 0.51967 0.00701 0.37035 0.00416 70 3909
0.02505 0.82392 0.00364 0.14536 0.00202 80 5096
0.10143 0.43410 0.00751 0.45031 0.00664 90 6447
0.13618 0.42122 0.02198 0.40606 0.01455 100 7948
0.13941 0.37248 0.00950 0.47466 0.00396 110 9601
0.17586 0.40711 0.02019 0.39054 0.00631 120 11422
0.00088 0.00005 0.00621 0.00108 0.99178 0 0
0.51529 0.23293 0.01716 0.18073 0.05390 10 85
0.78472 0.10155 0.00556 0.08477 0.02340 20 330
0.31547 0.11935 0.42206 0.13779 0.00533 30 731
0.10814 0.37160 0.45556 0.05240 0.01230 40 1292
0.04877 0.08954 0.72437 0.13400 0.00332 50 2005
0.28060 0.08101 0.47824 0.15053 0.00963 60 2878
0.06929 0.19703 0.67850 0.04625 0.00892 70 3909
0.02517 0.02909 0.82481 0.11044 0.01048 80 5096
0.02229 0.14863 0.48345 0.33381 0.01181 90 6447
0.05023 0.05114 0.54829 0.34050 0.00985 100 7948
0.24253 0.02667 0.21415 0.49996 0.01669 110 9601
0.12365 0.03771 0.41856 0.39856 0.02153 120 11326
0.00000 0.00001 0.00020 0.00024 0.99955 0 0
0.01074 0.01355 0.00089 0.96020 0.01462 10 85
0.73373 0.10731 0.00875 0.12925 0.02097 20 330
0.38187 0.32053 0.24919 0.03843 0.00998 30 731
0.04159 0.33623 0.33285 0.28443 0.00491 40 1292
0.02880 0.67478 0.15989 0.13469 0.00183 50 2005
0.03867 0.55595 0.00996 0.39171 0.00372 60 2878
0.01392 0.78225 0.01169 0.18998 0.00216 70 3909
0.03865 0.38639 0.11723 0.44825 0.00949 80 5096
0.05975 0.37174 0.05286 0.50590 0.00976 90 6447
0.13414 0.13163 0.13411 0.59055 0.00957 100 7948
0.09393 0.29154 0.04882 0.55710 0.00861 110 9601
0.18362 0.16374 0.13716 0.50792 0.00757 120 11422
0.00039 0.00107 0.00580 0.00107 0.99168 0 0
0.00701 0.00496 0.00994 0.95392 0.02418 10 85
0.76135 0.10467 0.02304 0.09214 0.01879 20 330
0.14069 0.58049 0.26082 0.01009 0.00791 30 731
0.03395 0.50994 0.29435 0.15643 0.00532 40 1292
0.03764 0.43416 0.26159 0.26403 0.00259 50 2005
0.07697 0.18076 0.02114 0.71603 0.00511 60 2878
0.00629 0.20755 0.00235 0.78270 0.00110 70 3909
0.03679 0.02744 0.01645 0.91480 0.00451 80 5096
0.02858 0.02765 0.01952 0.92124 0.00301 90 6447
0.01788 0.01331 0.00205 0.96629 0.00047 100 7948
0.11257 0.07825 0.01325 0.79367 0.00226 110 9601
0.10320 0.02996 0.00906 0.85355 0.00423 120 11422
0.00006 0.00018 0.00418 0.00049 0.99510 0 0
0.44582 0.21093 0.00993 0.14461 0.18871 10 85
0.73164 0.19419 0.02910 0.02794 0.01713 20 330
0.32965 0.41554 0.22620 0.01889 0.00972 30 731
0.07560 0.75577 0.12354 0.03427 0.01082 40 1292
0.06478 0.42379 0.44815 0.05287 0.01041 50 2005
0.08120 0.11747 0.73346 0.06566 0.00221 60 2878
0.04226 0.66997 0.16361 0.12080 0.00337 70 3909
0.22945 0.28245 0.04339 0.43386 0.01086 80 5096
0.13165 0.25717 0.04377 0.56089 0.00653 90 6447
0.26133 0.35727 0.04412 0.32266 0.01462 100 7948
0.10696 0.34422 0.04719 0.49491 0.00672 110 9601
0.50163 0.16008 0.05230 0.26952 0.01648 120 11422
0.00036 0.00078 0.00662 0.00328 0.98897 0 0
0.63049 0.22584 0.00071 0.10017 0.04279 10 85
0.48680 0.39065 0.04510 0.07258 0.00487 20 330
0.19360 0.23119 0.47168 0.09748 0.00605 30 731
0.06382 0.65256 0.11932 0.15685 0.00744 40 1292
0.38181 0.20882 0.02261 0.37163 0.01513 50 2005
0.18118 0.24994 0.03002 0.52519 0.01366 60 2878
0.47959 0.10944 0.04929 0.33309 0.02859 70 3909
0.46891 0.19956 0.01187 0.30439 0.01527 80 5096
0.35058 0.19456 0.01629 0.42208 0.01648 90 6447
0.39352 0.09412 0.02126 0.47489 0.01621 100 7630
0.40776 0.11411 0.01124 0.45615 0.01074 110 8705
0.41399 0.12195 0.01581 0.41188 0.03636 120 9738
0.03990 0.50975 0.06863 0.03065 0.35108 0 0
0.65849 0.15323 0.00434 0.16344 0.02050 10 85
0.33827 0.44874 0.01585 0.16924 0.02790 20 330
0.36802 0.38772 0.21284 0.02076 0.01065 30 731
0.17313 0.60839 0.08444 0.11516 0.01888 40 1292
0.16993 0.12935 0.02306 0.67029 0.00736 50 2005
0.26723 0.29061 0.06487 0.35204 0.02525 60 2878
0.31312 0.16275 0.20040 0.29696 0.02676 70 3909
0.14143 0.44468 0.05413 0.34127 0.01848 80 5096
0.14714 0.28428 0.13583 0.41588 0.01687 90 6447
0.26514 0.20381 0.05360 0.47026 0.00718 100 7630
0.27372 0.16966 0.04206 0.50261 0.01194 110 8705
0.33785 0.24640 0.09453 0.28876 0.03247 120 9738
0.04462 0.00764 0.00223 0.11296 0.83255 0 0
0.42054 0.43885 0.00519 0.11214 0.02328 10 85
0.45277 0.35237 0.13543 0.04315 0.01629 20 330
0.29650 0.47383 0.15879 0.03152 0.03936 30 731
0.13694 0.67370 0.11651 0.02393 0.04893 40 1292
0.15326 0.54709 0.13931 0.13576 0.02458 50 2005
0.31388 0.35905 0.09391 0.21611 0.01705 60 2878
0.11512 0.72897 0.06533 0.07692 0.01365 70 3909
0.06565 0.69061 0.01568 0.22518 0.00288 80 5096
0.19815 0.12751 0.15857 0.49966 0.01610 90 6447
0.25935 0.35097 0.03963 0.34149 0.00855 100 7948
0.29119 0.15847 0.03404 0.50609 0.01021 110 9601
0.30844 0.23411 0.04739 0.40509 0.00498 120 11422
0.00039 0.00112 0.01049 0.00161 0.98637 0 0
0.76850 0.18593 0.00171 0.01357 0.03029 10 85
0.70254 0.11664 0.09221 0.07095 0.01766 20 330
0.34537 0.33424 0.27322 0.02148 0.02567 30 731
0.15842 0.43873 0.33792 0.03287 0.03207 40 1292
0.17183 0.28577 0.29088 0.24361 0.00790 50 2005
0.15604 0.43606 0.21960 0.18128 0.00701 60 2878
0.11662 0.48148 0.04876 0.34055 0.01259 70 3909
0.09041 0.53111 0.00986 0.35989 0.00873 80 5096
0.22276 0.35976 0.07479 0.33483 0.00785 90 6447
0.07812 0.33027 0.00774 0.57834 0.00553 100 7948
0.17995 0.11233 0.04984 0.64778 0.01010 110 9601
0.16109 0.10269 0.05286 0.67091 0.01245 120 11422
0.00112 0.00536 0.01206 0.06209 0.91937 0 0
0.12461 0.04472 0.00076 0.78690 0.04301 10 85
0.79079 0.16232 0.01760 0.02213 0.00717 20 330
0.28255 0.39699 0.26679 0.02701 0.02666 30 731
0.13320 0.63651 0.13114 0.05782 0.04133 40 1292
0.01683 0.77098 0.01793 0.18607 0.00819 50 2005
0.04171 0.79488 0.03117 0.12669 0.00555 60 2878
0.03221 0.70191 0.01906 0.23995 0.00687 70 3909
0.02909 0.65560 0.04074 0.26711 0.00746 80 5096
0.03847 0.52015 0.04334 0.39337 0.00467 90 6447
0.03633 0.41970 0.02753 0.51012 0.00633 100 7948
0.08256 0.13777 0.07188 0.69975 0.00804 110 9601
0.17513 0.25134 0.11816 0.44323 0.01213 120 11422
0.00020 0.00049 0.00529 0.00180 0.99221 0 0
0.37480 0.05324 0.00276 0.56424 0.00496 10 85
0.34077 0.14187 0.46943 0.03757 0.01036 20 330
0.15853 0.08765 0.73296 0.01843 0.00242 30 731
0.05010 0.56239 0.30098 0.07202 0.01451 40 1292
0.10201 0.14956 0.49635 0.24760 0.00448 50 2005
0.46800 0.13645 0.24194 0.14607 0.00755 60 2878
0.16052 0.19178 0.14914 0.48947 0.00909 70 3909
0.27026 0.36437 0.05016 0.30799 0.00722 80 5096
0.39620 0.22074 0.02478 0.35262 0.00566 90 6447
0.38608 0.30821 0.02502 0.26835 0.01234 100 7948
0.39991 0.34457 0.00740 0.24052 0.00759 110 9601
0.37000 0.21417 0.02779 0.38103 0.00701 120 11122
0.12126 0.12503 0.00901 0.28063 0.46406 0 0
0.12534 0.24129 0.00470 0.44533 0.18335 10 85
0.73569 0.04520 0.02361 0.16945 0.02604 20 330
0.41092 0.41083 0.09451 0.06482 0.01892 30 731
0.07230 0.73512 0.14054 0.02992 0.02212 40 1292
0.07374 0.58805 0.06486 0.25544 0.01791 50 2005
0.04028 0.50308 0.04361 0.40502 0.00801 60 2878
0.04641 0.56631 0.09537 0.28550 0.00640 70 3909
0.02330 0.62263 0.05214 0.29488 0.00705 80 5096
0.03196 0.78807 0.08048 0.09562 0.00387 90 6447
0.07000 0.62532 0.09241 0.20575 0.00653 100 7948
0.07602 0.73402 0.04914 0.13416 0.00666 110 9601
0.02304 0.43786 0.11224 0.42095 0.00591 120 11253
0.00021 0.00092 0.00057 0.00294 0.99537 0 0
0.28675 0.13442 0.00121 0.51732 0.06030 10 85
0.71506 0.15182 0.02817 0.08359 0.02137 20 330
0.16557 0.62741 0.16425 0.02373 0.01904 30 731
0.07468 0.51464 0.31080 0.05666 0.04322 40 1292
0.03569 0.51903 0.34794 0.08072 0.01662 50 2005
0.02801 0.85859 0.00579 0.10138 0.00623 60 2878
0.08383 0.48553 0.00999 0.41448 0.00617 70 3909
0.02746 0.15559 0.01086 0.79287 0.01321 80 5096
0.05933 0.15337 0.05230 0.73084 0.00416 90 6447
0.12251 0.26589 0.02169 0.58376 0.00616 100 7948
0.05556 0.08534 0.07427 0.77412 0.01071 110 9601
0.03148 0.01242 0.03411 0.91137 0.01062 120 11422
0.00003 0.00003 0.00061 0.00011 0.99923 0 0
0.52984 0.11973 0.03028 0.28635 0.03379 10 85
0.37298 0.29048 0.19105 0.12050 0.02499 20 330
0.10823 0.58516 0.18531 0.05497 0.06633 30 731
0.06172 0.64543 0.11406 0.15266 0.02613 40 1292
0.12072 0.50863 0.08487 0.26445 0.02133 50 2005
0.07929 0.43772 0.02293 0.42189 0.03817 60 2878
0.08617 0.43717 0.02869 0.43586 0.01211 70 3909
0.03453 0.23722 0.01842 0.70574 0.00409 80 5096
0.10507 0.24194 0.04595 0.59405 0.01300 90 6447
0.07903 0.03864 0.04520 0.83441 0.00271 100 7948
0.08038 0.05397 0.11628 0.73647 0.01290 110 9601
0.11189 0.01951 0.10540 0.74778 0.01543 120 11422
0.00016 0.00026 0.00347 0.00126 0.99486 0 0
0.34060 0.15026 0.00055 0.34606 0.16254 10 85
0.66550 0.22821 0.03021 0.06243 0.01365 20 330
0.22354 0.54508 0.14842 0.06672 0.01624 30 731
0.01829 0.66140 0.03918 0.27792 0.00320 40 1292
0.02204 0.67480 0.01394 0.28398 0.00524 50 2005
0.09795 0.56022 0.00718 0.33006 0.00460 60 2878
0.05794 0.45022 0.00368 0.48361 0.00455 70 3909
0.16171 0.21353 0.01463 0.60439 0.00574 80 5096
0.20748 0.12246 0.03253 0.63199 0.00555 90 6447
0.19548 0.11883 0.01093 0.66334 0.01142 100 7948
0.21434 0.19435 0.00276 0.58414 0.00440 110 9601
0.13150 0.05802 0.01379 0.79223 0.00446 120 11422
0.00021 0.00091 0.01089 0.01800 0.96999 0 0
0.64890 0.14397 0.00191 0.16600 0.03923 10 85
0.60139 0.31082 0.05937 0.01961 0.00881 20 330
0.14245 0.17089 0.63985 0.03528 0.01153 30 731
0.03655 0.75485 0.15904 0.02867 0.02089 40 1292
0.05153 0.77414 0.07638 0.08612 0.01182 50 2005
0.09475 0.71407 0.15046 0.03593 0.00479 60 2878
0.04195 0.69092 0.02955 0.23391 0.00367 70 3909
0.08935 0.55036 0.05887 0.29487 0.00655 80 5096
0.16650 0.38308 0.05169 0.38880 0.00993 90 6447
0.14306 0.27762 0.07655 0.49364 0.00914 100 7933
0.24195 0.38739 0.05580 0.30494 0.00992 110 9221
0.31066 0.26004 0.04849 0.36836 0.01245 120 10413
0.00020 0.00032 0.00145 0.00138 0.99665 0 0
0.41518 0.36661 0.00413 0.21027 0.00381 10 85
0.65994 0.11709 0.18212 0.02504 0.01580 20 330
0.08458 0.07948 0.80372 0.02707 0.00515 30 731
0.05659 0.47666 0.43844 0.02568 0.00264 40 1292
0.19487 0.30082 0.47999 0.01550 0.00882 50 2005
0.42957 0.07701 0.39282 0.09801 0.00258 60 2878
0.05698 0.02859 0.50386 0.40431 0.00626 70 3909
0.24149 0.08596 0.39811 0.25765 0.01679 80 5096
0.32209 0.12435 0.23546 0.30455 0.01355 90 6447
0.05558 0.02325 0.02981 0.88832 0.00303 100 7948
0.43906 0.00691 0.10204 0.42445 0.02755 110 9601
0.13913 0.01878 0.01622 0.82225 0.00361 120 11074
0.00016 0.00046 0.02842 0.00345 0.96750 0 0
0.47998 0.08226 0.00860 0.36023 0.06892 10 85
0.44510 0.32482 0.06961 0.13263 0.02783 20 330
0.41902 0.24472 0.31334 0.01472 0.00820 30 731
0.13350 0.37047 0.25814 0.21063 0.02726 40 1292
0.17297 0.02677 0.72916 0.06473 0.00637 50 2005
0.00300 0.01320 0.73663 0.24655 0.00061 60 2878
0.01325 0.02278 0.72804 0.23540 0.00054 70 3909
0.34065 0.11583 0.32582 0.20298 0.01472 80 5096
0.04142 0.01372 0.49062 0.45289 0.00136 90 6447
0.23028 0.13537 0.18829 0.43794 0.00811 100 7948
0.31822 0.08213 0.30037 0.28562 0.01367 110 9601
0.05484 0.01668 0.06237 0.86531 0.00080 120 11422
0.00018 0.02282 0.00456 0.33538 0.63706 0 0
0.10786 0.04750 0.00526 0.66816 0.17122 10 85
0.34481 0.32873 0.02474 0.27179 0.02993 20 330
0.55315 0.26707 0.13898 0.01520 0.02560 30 731
0.18070 0.53138 0.18479 0.06585 0.03729 40 1292
0.06679 0.48072 0.38619 0.05702 0.00927 50 2005
0.02296 0.63005 0.03558 0.29843 0.01297 60 2878
0.02250 0.88195 0.02965 0.06381 0.00210 70 3909
0.01239 0.87740 0.04822 0.05927 0.00272 80 5096
0.02124 0.71230 0.04952 0.21520 0.00174 90 6447
0.06037 0.60369 0.05354 0.27502 0.00738 100 7948
0.03562 0.67947 0.09620 0.18342 0.00529 110 9601
0.01513 0.73199 0.05210 0.19684 0.00394 120 11422
0.00013 0.00487 0.00574 0.00109 0.98818 0 0
0.37886 0.16253 0.01397 0.29661 0.14803 10 85
0.79303 0.10359 0.03520 0.05248 0.01570 20 330
0.44385 0.25127 0.23558 0.05753 0.01176 30 731
0.06774 0.72235 0.14783 0.03507 0.02700 40 1292
0.06667 0.76036 0.10786 0.05528 0.00983 50 2005
0.10128 0.73658 0.08857 0.06869 0.00489 60 2878
0.10091 0.59219 0.02716 0.27390 0.00583 70 3909
0.09190 0.38281 0.05739 0.45764 0.01026 80 5096
0.04464 0.80094 0.00844 0.14216 0.00382 90 6447
0.06427 0.47247 0.03371 0.42388 0.00568 100 7948
0.15658 0.25553 0.02651 0.55810 0.00327 110 9601
0.26024 0.19630 0.01488 0.51729 0.01130 120 11422
0.00071 0.00230 0.00885 0.00387 0.98427 0 0
0.45651 0.17354 0.00227 0.26504 0.10264 10 85
0.65269 0.27021 0.03517 0.03016 0.01177 20 330
0.24138 0.44685 0.22859 0.06424 0.01894 30 731
0.03753 0.70319 0.11008 0.12145 0.02776 40 1292
0.04725 0.56151 0.16852 0.21470 0.00802 50 2005
0.09173 0.57622 0.05159 0.27462 0.00583 60 2878
0.14199 0.49834 0.05449 0.29519 0.01000 70 3909
0.07125 0.43750 0.01617 0.47115 0.00393 80 5096
0.22003 0.33279 0.10876 0.31749 0.02093 90 6447
0.05580 0.42644 0.04157 0.46928 0.00691 100 7948
0.05013 0.12421 0.03060 0.79185 0.00322 110 9601
0.08800 0.15158 0.05700 0.69626 0.00715 120 11422
0.00001 0.00002 0.00266 0.00027 0.99704 0 0
0.11034 0.04210 0.01706 0.72579 0.10471 10 85
0.03845 0.01892 0.00634 0.91703 0.01926 20 330
0.18238 0.54524 0.12274 0.12190 0.02774 30 731
0.04881 0.80787 0.04013 0.09216 0.01103 40 1292
0.02354 0.23217 0.01882 0.71274 0.01272 50 2005
0.05011 0.51833 0.07083 0.34957 0.01116 60 2878
0.10175 0.62070 0.06394 0.19875 0.01486 70 3909
0.15087 0.09203 0.17289 0.57031 0.01390 80 5096
0.03169 0.20193 0.08378 0.66408 0.01851 90 6447
0.03941 0.08230 0.08437 0.78448 0.00943 100 7948
0.04306 0.02674 0.04944 0.86305 0.01772 110 9539
0.01222 0.01169 0.02165 0.94560 0.00882 120 10915
0.00451 0.00639 0.01899 0.00895 0.96117 0 0
0.23324 0.07082 0.00430 0.66738 0.02426 10 85
0.26478 0.10785 0.00795 0.56907 0.05035 20 330
0.23438 0.52124 0.20947 0.02606 0.00886 30 731
0.04120 0.77964 0.12072 0.04500 0.01344 40 1292
0.08726 0.54781 0.05999 0.29016 0.01478 50 2005
0.01789 0.66571 0.01901 0.29447 0.00293 60 2878
0.05099 0.35710 0.03284 0.54439 0.01469 70 3909
0.05814 0.60673 0.06659 0.26002 0.00852 80 5096
0.16773 0.34889 0.14883 0.30963 0.02492 90 6447
0.11434 0.37471 0.08361 0.41859 0.00875 100 7948
0.35176 0.18511 0.03806 0.40095 0.02412 110 9601
0.20008 0.14472 0.10606 0.52935 0.01978 120 11422
0.01406 0.01809 0.00210 0.00458 0.96117 0 0
0.57823 0.03120 0.00232 0.31753 0.07072 10 85
0.58270 0.12715 0.01065 0.23180 0.04770 20 330
0.15781 0.44516 0.18690 0.18656 0.02356 30 731
0.02746 0.47416 0.01657 0.46795 0.01386 40 1292
0.01564 0.77392 0.00846 0.19167 0.01031 50 2005
0.03393 0.63187 0.00962 0.31838 0.00620 60 2878
0.01761 0.27593 0.01132 0.68843 0.00671 70 3909
0.03130 0.07606 0.02966 0.85185 0.01113 80 5096
0.06207 0.05902 0.08773 0.77649 0.01469 90 6447
0.05642 0.03858 0.05523 0.84279 0.00699 100 7948
0.05322 0.02893 0.23118 0.67311 0.01356 110 9601
0.11541 0.03211 0.12720 0.70266 0.02261 120 11422
0.00047 0.00127 0.01085 0.01401 0.97340 0 0
0.55267 0.33508 0.01174 0.05108 0.04943 10 85
0.63807 0.19646 0.00950 0.13631 0.01966 20 330
0.60295 0.16914 0.20282 0.01476 0.01033 30 731
0.13600 0.36511 0.45103 0.02590 0.02196 40 1292
0.06016 0.41237 0.39013 0.11969 0.01765 50 2005
0.11057 0.43647 0.32608 0.11948 0.00739 60 2878
0.37449 0.21787 0.17489 0.21917 0.01358 70 3909
0.33824 0.18410 0.12360 0.34418 0.00988 80 5096
0.04447 0.58414 0.12845 0.23960 0.00334 90 6447
0.13571 0.19480 0.34813 0.31889 0.00247 100 7948
0.05010 0.45185 0.07819 0.41458 0.00528 110 9601
0.18529 0.52972 0.09419 0.18461 0.00619 120 11422
0.00007 0.00014 0.00404 0.00059 0.99516 0 0
0.03016 0.03817 0.01477 0.35052 0.56638 10 85
0.19420 0.07277 0.00486 0.67046 0.05770 20 330
0.14558 0.40435 0.40581 0.03360 0.01066 30 731
0.14016 0.54287 0.23925 0.07330 0.00443 40 1292
0.03298 0.61933 0.25131 0.08978 0.00659 50 2005
0.02657 0.77100 0.05347 0.14430 0.00466 60 2878
0.05642 0.80064 0.00272 0.13810 0.00212 70 3909
0.18930 0.56730 0.05871 0.18083 0.00387 80 5096
0.07896 0.72875 0.03945 0.14839 0.00444 90 6447
0.16266 0.24847 0.05003 0.52719 0.01165 100 7948
0.04459 0.49414 0.07813 0.37870 0.00444 110 9601
0.21089 0.23830 0.04718 0.49170 0.01193 120 11422
0.03413 0.01181 0.06121 0.02580 0.86706 0 0
0.36277 0.11179 0.00274 0.38363 0.13906 10 85
0.34513 0.23925 0.22959 0.15315 0.03288 20 330
0.14002 0.65367 0.15569 0.04322 0.00740 30 731
0.11014 0.53563 0.05330 0.28202 0.01890 40 1292
0.02808 0.70602 0.00360 0.25660 0.00570 50 2005
0.08181 0.43361 0.00384 0.47901 0.00172 60 2878
0.03462 0.61276 0.00255 0.34680 0.00327 70 3909
0.07082 0.38017 0.01004 0.52623 0.01274 80 5096
0.12554 0.40034 0.03569 0.42731 0.01112 90 6447
0.16179 0.19892 0.04415 0.58026 0.01488 100 7948
0.15398 0.21545 0.01727 0.60537 0.00793 110 9601
0.20095 0.38374 0.03257 0.36537 0.01736 120 11422
0.00009 0.00020 0.00161 0.00105 0.99705 0 0
0.36591 0.50812 0.01713 0.03666 0.07219 10 85
0.50881 0.22673 0.03506 0.20268 0.02672 20 330
0.13181 0.24151 0.60400 0.01784 0.00485 30 731
0.08465 0.17353 0.72769 0.00879 0.00533 40 1292
0.07660 0.24427 0.63793 0.03611 0.00510 50 2005
0.02405 0.20880 0.70356 0.06274 0.00085 60 2878
0.15377 0.10714 0.57222 0.16049 0.00639 70 3909
0.02191 0.85692 0.07225 0.04721 0.00171 80 5096
0.02756 0.80670 0.06867 0.09605 0.00102 90 6447
0.06809 0.21253 0.32655 0.38779 0.00503 100 7948
0.06289 0.02110 0.09335 0.81971 0.00295 110 9601
0.03381 0.12749 0.17005 0.66758 0.00108 120 11422
0.07976 0.37908 0.01741 0.32500 0.19876 0 0
0.57739 0.03643 0.00145 0.37517 0.00956 10 85
0.26616 0.61672 0.05873 0.05301 0.00538 20 330
0.26645 0.30514 0.35019 0.06081 0.01741 30 731
0.06507 0.17425 0.59523 0.13274 0.03271 40 1292
0.09010 0.72710 0.04544 0.12337 0.01399 50 2005
0.46301 0.31930 0.08779 0.10432 0.02558 60 2878
0.35224 0.25310 0.04377 0.30971 0.04118 70 3909
0.22199 0.21104 0.11972 0.39283 0.05442 80 5096
0.49900 0.13001 0.05258 0.25122 0.06718 90 6447
0.30555 0.05704 0.22473 0.32853 0.08416 100 7948
0.22719 0.10219 0.18607 0.41766 0.06689 110 9509
0.33620 0.10872 0.05385 0.46241 0.03882 120 10858
0.00090 0.00145 0.03438 0.01975 0.94352 0 0
0.38049 0.46890 0.00300 0.09068 0.05692 10 85
0.67456 0.19000 0.07322 0.04650 0.01571 20 330
0.19419 0.35886 0.39875 0.02046 0.02774 30 731
0.07268 0.15647 0.67979 0.05224 0.03882 40 1292
0.09775 0.59311 0.02538 0.23890 0.04487 50 2005
0.04369 0.64563 0.07512 0.20025 0.03532 60 2878
0.06149 0.29881 0.03729 0.58913 0.01328 70 3909
0.01427 0.69716 0.00488 0.27971 0.00398 80 5096
0.11688 0.10557 0.07855 0.67210 0.02690 90 6447
0.03972 0.15558 0.27056 0.52425 0.00989 100 7948
0.07396 0.08909 0.23923 0.58722 0.01050 110 9601
0.17935 0.04749 0.28437 0.46274 0.02605 120 11422
0.00001 0.00029 0.00086 0.00172 0.99711 0 0
0.62341 0.16865 0.00238 0.05222 0.15334 10 85
0.59386 0.10652 0.17498 0.09794 0.02670 20 330
0.58854 0.25969 0.12114 0.01969 0.01093 30 731
0.12218 0.60753 0.22139 0.03577 0.01312 40 1292
0.14243 0.50563 0.25004 0.09097 0.01093 50 2005
0.01165 0.91988 0.02978 0.03514 0.00356 60 2878
0.01771 0.85898 0.02055 0.10020 0.00257 70 3909
0.05718 0.61994 0.06610 0.24969 0.00709 80 5096
0.19040 0.37672 0.06319 0.35045 0.01924 90 6447
0.12513 0.51413 0.05263 0.30121 0.00690 100 7948
0.07703 0.51759 0.04327 0.35410 0.00801 110 9601
0.07799 0.19076 0.02094 0.70508 0.00523 120 11422
0.64603 0.08261 0.04555 0.01360 0.21221 0 0
0.47468 0.11186 0.00113 0.36494 0.04738 10 85
0.46374 0.37625 0.02753 0.12759 0.00488 20 330
0.10631 0.79702 0.02025 0.07315 0.00326 30 731
0.04157 0.76129 0.00607 0.18469 0.00639 40 1292
0.07822 0.23075 0.00252 0.68457 0.00394 50 2005
0.08161 0.34960 0.00781 0.55249 0.00849 60 2878
0.08607 0.63466 0.01015 0.25807 0.01106 70 3909
0.35977 0.38355 0.00649 0.23859 0.01160 80 5096
0.14320 0.53779 0.00772 0.30262 0.00868 90 6447
0.28033 0.39378 0.00926 0.30832 0.00831 100 7630
0.56554 0.19045 0.01564 0.21295 0.01542 110 8705
0.28768 0.33301 0.01961 0.35064 0.00905 120 9738
0.00935 0.87694 0.02673 0.06332 0.02366 0 0
0.05662 0.00886 0.00468 0.90771 0.02213 10 85
0.37525 0.24840 0.01889 0.30599 0.05147 20 330
0.59749 0.26156 0.07605 0.05046 0.01444 30 731
0.44072 0.20823 0.07780 0.24626 0.02699 40 1292
0.55467 0.32204 0.06718 0.04955 0.00656 50 2005
0.32552 0.45371 0.01831 0.18597 0.01649 60 2878
0.73460 0.10611 0.02218 0.11904 0.01808 70 3909
0.45438 0.22614 0.04023 0.26133 0.01792 80 5096
0.19486 0.31273 0.03554 0.45182 0.00505 90 6447
0.29270 0.26750 0.02595 0.40329 0.01057 100 7793
0.25234 0.42344 0.02796 0.28117 0.01509 110 8951
0.26799 0.16894 0.11417 0.41619 0.03271 120 10051
0.00019 0.00555 0.00892 0.13465 0.85069 0 0
0.23511 0.21979 0.00862 0.37743 0.15904 10 85
0.67515 0.13293 0.01369 0.14579 0.03244 20 330
0.03961 0.37105 0.55497 0.01852 0.01586 30 731
0.09023 0.66569 0.20999 0.02257 0.01152 40 1292
0.10650 0.58366 0.21144 0.07974 0.01866 50 2005
0.10889 0.62583 0.18261 0.06988 0.01279 60 2878
0.03326 0.90312 0.01001 0.05055 0.00306 70 3909
0.16833 0.47061 0.07167 0.27367 0.01572 80 5096
0.23164 0.23133 0.17367 0.34650 0.01687 90 6447
0.05635 0.35296 0.21919 0.34515 0.02635 100 7948
0.21165 0.14125 0.17615 0.45801 0.01295 110 9601
0.17458 0.05624 0.39400 0.36122 0.01397 120 11422
0.17887 0.00795 0.12820 0.42203 0.26295 0 0
0.20023 0.21515 0.00848 0.42232 0.15382 10 85
0.52584 0.28915 0.03214 0.13742 0.01544 20 330
0.29504 0.31403 0.35977 0.01781 0.01335 30 731
0.08413 0.52149 0.37142 0.01584 0.00711 40 1292
0.09588 0.39333 0.28966 0.21123 0.00991 50 2005
0.12641 0.65141 0.09899 0.11315 0.01004 60 2878
0.13307 0.43669 0.12948 0.29020 0.01056 70 3909
0.04596 0.46425 0.04796 0.43749 0.00434 80 5096
0.26335 0.30461 0.05973 0.34939 0.02292 90 6447
0.03112 0.47867 0.07524 0.41103 0.00394 100 7630
0.07735 0.55375 0.06192 0.30177 0.00520 110 8705
0.10266 0.18872 0.05479 0.64202 0.01181 120 9738
0.00009 0.00018 0.00801 0.00045 0.99126 0 0
0.00084 0.00330 0.00711 0.23266 0.75609 10 85
0.04095 0.01135 0.00626 0.93368 0.00775 20 330
0.07115 0.30325 0.22960 0.39210 0.00390 30 731
0.00371 0.67732 0.00797 0.30357 0.00743 40 1292
0.00741 0.86520 0.03342 0.09157 0.00240 50 2005
0.09024 0.70929 0.05697 0.14022 0.00329 60 2878
0.14698 0.41614 0.26775 0.15722 0.01190 70 3909
0.04390 0.70883 0.06936 0.17281 0.00510 80 5096
0.07433 0.48914 0.11048 0.31958 0.00647 90 6447
0.10639 0.30946 0.24049 0.33680 0.00687 100 7948
0.08925 0.34534 0.17154 0.38921 0.00466 110 9601
0.06505 0.45332 0.14010 0.33841 0.00312 120 11422
0.00010 0.00021 0.00006 0.00004 0.99959 0 0
0.64650 0.07175 0.01629 0.21389 0.05158 10 85
0.46527 0.35328 0.01458 0.12961 0.03727 20 330
0.03951 0.42663 0.36183 0.13116 0.04086 30 731
0.02813 0.73665 0.01170 0.20773 0.01579 40 1292
0.01685 0.76601 0.00258 0.20845 0.00611 50 2005
0.03617 0.47766 0.00270 0.47664 0.00683 60 2878
0.04517 0.48309 0.00339 0.46014 0.00821 70 3909
0.05934 0.47878 0.00617 0.44519 0.01052 80 5096
0.10087 0.15781 0.01051 0.72228 0.00853 90 6447
0.03490 0.36564 0.00747 0.58252 0.00947 100 7948
0.14931 0.22167 0.00872 0.61124 0.00907 110 9601
0.22229 0.30641 0.00746 0.45301 0.01083 120 11326
0.00037 0.00167 0.00857 0.00272 0.98667 0 0
0.64685 0.05544 0.00543 0.14086 0.15143 10 85
0.37877 0.39528 0.05321 0.12338 0.04936 20 330
0.12046 0.28253 0.45123 0.12431 0.02147 30 731
0.13789 0.54807 0.02480 0.27345 0.01580 40 1292
0.03803 0.71530 0.00932 0.23176 0.00559 50 2005
0.05369 0.74510 0.00478 0.19349 0.00294 60 2878
0.04664 0.80281 0.00337 0.14327 0.00390 70 3909
0.10540 0.70778 0.01541 0.16235 0.00906 80 5096
0.09569 0.72464 0.01039 0.16495 0.00433 90 6447
0.17355 0.66039 0.00544 0.15638 0.00425 100 7948
0.13053 0.69929 0.01347 0.15378 0.00293 110 9601
0.07940 0.82558 0.01414 0.07780 0.00306 120 11422
0.00139 0.00834 0.03922 0.00076 0.95029 0 0
0.35375 0.19884 0.00210 0.35805 0.08725 10 85
0.45529 0.17703 0.07820 0.21740 0.07207 20 330
0.43130 0.33042 0.20406 0.02015 0.01408 30 731
0.09921 0.71947 0.13741 0.02241 0.02150 40 1292
0.04695 0.85236 0.05379 0.03620 0.01069 50 2005
0.01626 0.55287 0.06527 0.35714 0.00846 60 2878
0.02328 0.81055 0.05406 0.10866 0.00345 70 3909
0.07555 0.54930 0.09889 0.26632 0.00994 80 5096
0.08303 0.46355 0.05488 0.38994 0.00860 90 6447
0.05711 0.53312 0.04414 0.36274 0.00289 100 7948
0.14621 0.22092 0.05666 0.55903 0.01718 110 9601
0.24398 0.25866 0.03521 0.45287 0.00929 120 11422
0.00021 0.00207 0.02296 0.12014 0.85463 0 0
0.91010 0.07241 0.00249 0.01076 0.00424 10 85
0.60859 0.15636 0.15740 0.05665 0.02100 20 330
0.36043 0.34651 0.21371 0.05622 0.02313 30 731
0.24704 0.51219 0.10446 0.08620 0.05012 40 1292
0.07171 0.55515 0.09766 0.25390 0.02158 50 2005
0.01939 0.74517 0.21387 0.01779 0.00377 60 2878
0.01360 0.84644 0.02445 0.11310 0.00241 70 3909
0.01572 0.73048 0.02446 0.22599 0.00335 80 5096
0.02411 0.84958 0.02343 0.10035 0.00253 90 6447
0.00719 0.49530 0.02147 0.47415 0.00190 100 7948
0.04635 0.51901 0.04988 0.37602 0.00874 110 9601
0.07354 0.16166 0.03829 0.72373 0.00278 120 11422
0.00389 0.03809 0.07238 0.01087 0.87477 0 0
0.04645 0.03231 0.00206 0.88716 0.03202 10 85
0.10075 0.05772 0.00313 0.80557 0.03283 20 330
0.04862 0.88648 0.04359 0.01862 0.00269 30 731
0.07733 0.54892 0.27720 0.09267 0.00388 40 1292
0.18567 0.66070 0.03124 0.11570 0.00670 50 2005
0.14069 0.72831 0.01056 0.11520 0.00524 60 2878
0.08067 0.73603 0.02502 0.15602 0.00227 70 3909
0.12699 0.68496 0.01105 0.17284 0.00416 80 5096
0.12203 0.71400 0.01846 0.14328 0.00223 90 6447
0.21100 0.50157 0.02036 0.25998 0.00708 100 7948
0.21279 0.47693 0.02771 0.27859 0.00398 110 9601
0.17228 0.40199 0.02258 0.39996 0.00319 120 11422
0.00014 0.00031 0.00370 0.00190 0.99395 0 0
0.78456 0.11853 0.02357 0.03823 0.03511 10 85
0.66968 0.20572 0.02456 0.08071 0.01933 20 330
0.31317 0.48495 0.15201 0.03149 0.01837 30 731
0.11691 0.33621 0.50121 0.02965 0.01602 40 1292
0.12759 0.32556 0.40799 0.09538 0.04348 50 2005
0.04236 0.79520 0.11710 0.04158 0.00375 60 2878
0.09359 0.73259 0.11826 0.04627 0.00929 70 3909
0.02214 0.81546 0.12144 0.03780 0.00317 80 5096
0.02561 0.68753 0.06682 0.21408 0.00596 90 6447
0.16076 0.65513 0.03538 0.14228 0.00646 100 7948
0.11528 0.41003 0.07197 0.39317 0.00956 110 9601
0.21238 0.23921 0.08721 0.45283 0.00837 120 11422
0.00002 0.00271 0.00034 0.02898 0.96794 0 0
0.01403 0.03347 0.00015 0.74568 0.20667 10 85
0.00816 0.00776 0.00315 0.97016 0.01077 20 330
0.08571 0.58221 0.12584 0.19189 0.01435 30 731
0.03183 0.44026 0.17083 0.34530 0.01178 40 1292
0.21818 0.51406 0.04693 0.20707 0.01376 50 2005
0.12541 0.34994 0.02535 0.48838 0.01092 60 2878
0.27290 0.47937 0.01412 0.22938 0.00422 70 3909
0.31340 0.47254 0.07146 0.13591 0.00669 80 5096
0.09047 0.73528 0.04721 0.12345 0.00359 90 6447
0.17913 0.48669 0.08808 0.24063 0.00547 100 7948
0.24928 0.44646 0.08021 0.20766 0.01639 110 9601
0.20032 0.51280 0.04622 0.23649 0.00417 120 11422
0.00007 0.00204 0.00326 0.00141 0.99322 0 0
0.59631 0.05441 0.01223 0.15680 0.18025 10 85
0.61023 0.20528 0.02600 0.13196 0.02653 20 330
0.42642 0.16037 0.39855 0.00980 0.00486 30 731
0.05864 0.61143 0.16951 0.13931 0.02112 40 1292
0.05974 0.58143 0.29199 0.05453 0.01231 50 2005
0.01242 0.66234 0.05839 0.25995 0.00691 60 2878
0.02745 0.55065 0.05143 0.36447 0.00599 70 3909
0.01431 0.73557 0.03566 0.21105 0.00340 80 5096
0.01790 0.64521 0.03147 0.30192 0.00350 90 6447
0.04409 0.65845 0.05801 0.23325 0.00619 100 7948
0.09044 0.65118 0.05060 0.20296 0.00482 110 9601
0.04272 0.43874 0.11801 0.39360 0.00693 120 11422
0.00007 0.00011 0.00072 0.00094 0.99816 0 0
0.60748 0.31159 0.00648 0.03774 0.03671 10 85
0.71022 0.17270 0.03819 0.04099 0.03790 20 330
0.17711 0.08727 0.71095 0.01463 0.01005 30 731
0.11636 0.43988 0.26280 0.10660 0.07436 40 1292
0.03970 0.79596 0.10611 0.03726 0.02097 50 2005
0.02050 0.90623 0.01271 0.05739 0.00318 60 2878
0.08707 0.71137 0.02092 0.17502 0.00563 70 3909
0.05182 0.36751 0.03125 0.54018 0.00924 80 5096
0.06987 0.44541 0.06716 0.40913 0.00844 90 6447
0.11601 0.21194 0.04524 0.61533 0.01149 100 7948
0.08124 0.39099 0.01625 0.50738 0.00413 110 9601
0.12751 0.25209 0.07393 0.53963 0.00684 120 11422
0.01386 0.06149 0.01652 0.54602 0.36212 0 0
0.03514 0.43734 0.03277 0.40024 0.09451 10 85
0.53666 0.08250 0.16146 0.20574 0.01364 20 330
0.28889 0.08113 0.58803 0.03183 0.01013 30 731
0.04352 0.68555 0.17914 0.07221 0.01958 40 1292
0.08918 0.58316 0.16354 0.15572 0.00840 50 2005
0.04088 0.62273 0.06179 0.26518 0.00942 60 2878
0.01246 0.75010 0.07018 0.16275 0.00451 70 3909
0.04053 0.67737 0.12222 0.15230 0.00758 80 5096
0.02968 0.60857 0.07099 0.28639 0.00437 90 6447
0.12154 0.52764 0.07093 0.26466 0.01522 100 7948
0.04553 0.47769 0.07126 0.39748 0.00805 110 9601
0.06044 0.45288 0.08549 0.39267 0.00852 120 11422
