0.01512 0.02919 0.14884 0.13993 0.66692 0 0
0.30260 0.16935 0.01903 0.31898 0.19004 10 85
0.31159 0.20551 0.01018 0.40869 0.06402 20 330
0.14032 0.64715 0.06226 0.11746 0.03281 30 731
0.10569 0.58467 0.03575 0.25014 0.02376 40 1292
0.06026 0.75409 0.00381 0.16858 0.01326 50 2005
0.10809 0.61578 0.00755 0.25109 0.01749 60 2878
0.20256 0.39828 0.00817 0.35642 0.03458 70 3909
0.46626 0.27644 0.02821 0.20142 0.02767 80 5096
0.29015 0.30586 0.02582 0.36398 0.01419 90 6447
0.29022 0.35744 0.01647 0.32900 0.00687 100 7948
0.39273 0.32956 0.04573 0.22155 0.01043 110 9601
0.39475 0.24680 0.03930 0.29132 0.02784 120 11422
0.00143 0.02079 0.14376 0.54944 0.28459 0 0
0.25193 0.14427 0.01651 0.54856 0.03874 10 85
0.68511 0.09439 0.03777 0.17166 0.01108 20 330
0.44327 0.19765 0.29787 0.04068 0.02054 30 731
0.08845 0.56277 0.31471 0.02540 0.00867 40 1292
0.04631 0.66643 0.10854 0.16486 0.01386 50 2005
0.02903 0.39107 0.03110 0.53800 0.01081 60 2878
0.02818 0.84434 0.02707 0.09393 0.00648 70 3909
0.03328 0.75503 0.04234 0.16470 0.00465 80 5096
0.01752 0.70979 0.05592 0.21292 0.00385 90 6447
0.05372 0.72360 0.11251 0.10548 0.00469 100 7948
0.03691 0.51944 0.02594 0.41161 0.00611 110 9601
0.02405 0.79601 0.04511 0.13145 0.00337 120 11422
0.00017 0.00114 0.63925 0.01022 0.34922 0 0
0.54356 0.05803 0.00614 0.33685 0.05541 10 85
0.48628 0.19969 0.06348 0.22521 0.02534 20 330
0.49873 0.45609 0.02046 0.01702 0.00770 30 731
0.00475 0.90980 0.07452 0.00797 0.00295 40 1292
0.06317 0.76475 0.15359 0.01462 0.00386 50 2005
0.05505 0.61939 0.11062 0.20371 0.01124 60 2878
0.01856 0.80343 0.05511 0.11855 0.00434 70 3909
0.01550 0.71293 0.07705 0.18925 0.00526 80 5096
0.02923 0.60137 0.10193 0.26197 0.00550 90 6447
0.01516 0.57297 0.07056 0.33929 0.00200 100 7948
0.01321 0.39970 0.06276 0.52152 0.00281 110 9601
0.06307 0.26861 0.06260 0.59444 0.01128 120 11422
0.00419 0.00914 0.11270 0.01456 0.85942 0 0
0.30878 0.05242 0.00777 0.56307 0.06797 10 85
0.46681 0.10687 0.08399 0.32392 0.01841 20 330
0.04029 0.10418 0.82478 0.02657 0.00418 30 731
0.06931 0.53247 0.32505 0.05410 0.01906 40 1292
0.20499 0.45710 0.21877 0.10663 0.01251 50 2005
0.17342 0.36349 0.12564 0.32550 0.01195 60 2878
0.49247 0.18504 0.05324 0.25053 0.01872 70 3909
0.30106 0.22563 0.04351 0.41342 0.01638 80 5096
0.10816 0.21641 0.05877 0.60708 0.00958 90 6447
0.14897 0.23568 0.03467 0.57385 0.00683 100 7630
0.33985 0.13515 0.03193 0.47813 0.01494 110 8705
0.09129 0.26931 0.01608 0.61626 0.00705 120 9738
0.00146 0.00263 0.08115 0.00522 0.90955 0 0
0.44845 0.26898 0.00255 0.22818 0.05184 10 85
0.10104 0.16696 0.01445 0.67301 0.04454 20 330
0.39151 0.48710 0.07791 0.03491 0.00857 30 731
0.19831 0.36508 0.04268 0.35524 0.03870 40 1292
0.48178 0.15798 0.03105 0.27618 0.05301 50 2005
0.30850 0.24488 0.01372 0.39615 0.03675 60 2878
0.45866 0.27688 0.03561 0.21172 0.01712 70 3909
0.21283 0.49507 0.02535 0.25339 0.01336 80 5083
0.21380 0.29144 0.03242 0.44665 0.01569 90 6101
0.09042 0.32085 0.06394 0.50438 0.02040 100 7031
0.34425 0.18874 0.09530 0.34652 0.02520 110 7920
0.45620 0.21664 0.08093 0.22545 0.02079 120 8792
0.04631 0.14761 0.62087 0.05286 0.13234 0 0
0.11781 0.51646 0.23614 0.08948 0.04011 10 85
0.74254 0.06910 0.02418 0.13529 0.02889 20 330
0.38393 0.45265 0.09298 0.04868 0.02176 30 731
0.40719 0.37894 0.14262 0.03954 0.03172 40 1292
0.10274 0.51898 0.29702 0.07281 0.00846 50 2005
0.01574 0.78666 0.05722 0.13524 0.00515 60 2878
0.04757 0.59468 0.10205 0.24765 0.00805 70 3909
0.02554 0.42685 0.06469 0.47505 0.00787 80 5096
0.04296 0.58720 0.06303 0.30332 0.00349 90 6447
0.04228 0.39710 0.06284 0.49270 0.00508 100 7948
0.05495 0.55266 0.07740 0.30283 0.01216 110 9601
0.02570 0.63259 0.05077 0.28307 0.00787 120 11422
0.06501 0.85511 0.07294 0.00206 0.00488 0 0
0.67215 0.10338 0.01028 0.12977 0.08442 10 85
0.46808 0.33573 0.07891 0.11051 0.00677 20 330
0.10607 0.09164 0.77696 0.01976 0.00557 30 731
0.04420 0.79811 0.09196 0.06015 0.00559 40 1292
0.08352 0.75162 0.06609 0.09156 0.00722 50 2005
0.47706 0.20536 0.04748 0.24035 0.02975 60 2878
0.46066 0.06038 0.03925 0.39709 0.04261 70 3909
0.20820 0.13284 0.06721 0.57608 0.01568 80 5096
0.29453 0.09224 0.05156 0.53368 0.02799 90 6447
0.33031 0.17309 0.06530 0.41516 0.01614 100 7630
0.13906 0.18437 0.06787 0.59646 0.01225 110 8705
0.43904 0.08165 0.03255 0.42413 0.02263 120 9738
0.03497 0.02903 0.84683 0.02929 0.05988 0 0
0.18632 0.07302 0.02585 0.71239 0.00241 10 85
0.69292 0.11486 0.16102 0.02324 0.00796 20 330
0.18635 0.12985 0.65650 0.02218 0.00512 30 731
0.09298 0.67422 0.09723 0.11690 0.01867 40 1292
0.09675 0.75717 0.06081 0.07623 0.00903 50 2005
0.03468 0.61480 0.02009 0.32840 0.00202 60 2878
0.07437 0.81297 0.02034 0.09030 0.00203 70 3909
0.18853 0.53317 0.01693 0.25412 0.00724 80 5096
0.09735 0.62958 0.00434 0.26708 0.00165 90 6447
0.06081 0.69062 0.01182 0.23408 0.00267 100 7948
0.18359 0.40873 0.01848 0.38483 0.00437 110 9601
0.10974 0.66381 0.00767 0.21581 0.00296 120 11326
0.00486 0.00158 0.87778 0.00938 0.10641 0 0
0.16675 0.10667 0.01587 0.55331 0.15741 10 85
0.31966 0.19775 0.01232 0.45415 0.01613 20 330
0.21794 0.37135 0.16062 0.22112 0.02897 30 731
0.03586 0.61592 0.09818 0.24419 0.00585 40 1292
0.02577 0.83916 0.01601 0.11557 0.00350 50 2005
0.13675 0.52714 0.10342 0.22520 0.00749 60 2878
0.10783 0.52328 0.05402 0.30333 0.01153 70 3909
0.11992 0.53786 0.03985 0.28907 0.01330 80 5096
0.23952 0.19170 0.07322 0.48520 0.01036 90 6447
0.10934 0.48804 0.06411 0.33215 0.00636 100 7948
0.33055 0.18164 0.03106 0.44836 0.00840 110 9601
0.09737 0.16235 0.07237 0.66150 0.00642 120 11422
0.00118 0.00131 0.60004 0.00500 0.39247 0 0
0.67471 0.10810 0.03859 0.10165 0.07695 10 85
0.54562 0.21015 0.05387 0.16327 0.02708 20 330
0.08826 0.45366 0.43006 0.01934 0.00869 30 731
0.06392 0.78405 0.10613 0.03775 0.00816 40 1292
0.05318 0.76943 0.12687 0.04607 0.00446 50 2005
0.03987 0.81525 0.04817 0.09055 0.00617 60 2878
0.01434 0.87825 0.00908 0.09662 0.00170 70 3909
0.06282 0.81895 0.01978 0.09266 0.00579 80 5096
0.08434 0.73508 0.04503 0.13100 0.00454 90 6447
0.02359 0.82772 0.06179 0.08529 0.00160 100 7948
0.31483 0.28908 0.04910 0.34087 0.00612 110 9601
0.05769 0.25679 0.09711 0.58268 0.00574 120 11422
0.04008 0.15490 0.74013 0.06299 0.00190 0 0
0.85451 0.08010 0.00177 0.05548 0.00814 10 85
0.58323 0.21849 0.17065 0.01928 0.00835 20 330
0.21642 0.15743 0.57769 0.03021 0.01825 30 731
0.14696 0.43266 0.32404 0.06839 0.02795 40 1292
0.07182 0.63716 0.20335 0.08157 0.00610 50 2005
0.13061 0.62445 0.08125 0.14955 0.01414 60 2878
0.09362 0.71248 0.03489 0.15471 0.00430 70 3909
0.30069 0.44405 0.02417 0.21952 0.01157 80 5096
0.22395 0.37798 0.06769 0.31664 0.01374 90 6447
0.06461 0.50634 0.06565 0.35454 0.00887 100 7948
0.08264 0.42276 0.03057 0.45809 0.00593 110 9401
0.20850 0.20937 0.04162 0.52956 0.01095 120 10677
0.00005 0.00019 0.00310 0.00013 0.99653 0 0
0.61625 0.11270 0.01325 0.06772 0.19007 10 85
0.69382 0.16383 0.05800 0.05810 0.02626 20 330
0.22981 0.46315 0.20744 0.07240 0.02721 30 731
0.08271 0.18592 0.59318 0.11283 0.02536 40 1292
0.06895 0.76916 0.09550 0.04964 0.01675 50 2005
0.16811 0.44088 0.16069 0.21191 0.01842 60 2878
0.03151 0.52560 0.03442 0.39790 0.01056 70 3909
0.03056 0.58974 0.03274 0.33334 0.01362 80 5096
0.02034 0.58968 0.03519 0.34886 0.00593 90 6447
0.04232 0.38939 0.02481 0.53349 0.01000 100 7948
0.05939 0.36607 0.04083 0.52739 0.00631 110 9601
0.17750 0.33844 0.03382 0.43723 0.01300 120 11422
0.75778 0.07297 0.12596 0.01425 0.02903 0 0
0.27992 0.02261 0.00425 0.63764 0.05558 10 85
0.61738 0.24175 0.08375 0.04339 0.01373 20 330
0.09899 0.55669 0.33395 0.00726 0.00311 30 731
0.08664 0.64372 0.20605 0.05050 0.01308 40 1292
0.11418 0.59421 0.19124 0.09566 0.00471 50 2005
0.21396 0.55354 0.11381 0.10705 0.01164 60 2878
0.33672 0.32869 0.03613 0.28382 0.01463 70 3909
0.32383 0.42516 0.06523 0.17114 0.01463 80 5096
0.24677 0.13352 0.05059 0.55147 0.01765 90 6447
0.19976 0.52238 0.04492 0.21866 0.01428 100 7630
0.15059 0.29828 0.05415 0.48173 0.01526 110 8705
0.24061 0.39694 0.03659 0.32039 0.00546 120 9738
0.55130 0.24815 0.06021 0.03967 0.10066 0 0
0.35597 0.17682 0.05467 0.07519 0.33736 10 85
0.75142 0.11126 0.06285 0.05279 0.02168 20 330
0.59258 0.11142 0.25950 0.02187 0.01463 30 731
0.10758 0.65776 0.15724 0.04339 0.03404 40 1292
0.10120 0.57607 0.21866 0.07722 0.02685 50 2005
0.04099 0.66096 0.10248 0.18811 0.00745 60 2878
0.05079 0.59815 0.09109 0.25550 0.00447 70 3909
0.03457 0.59894 0.04897 0.31343 0.00409 80 5096
0.06494 0.38953 0.12224 0.41634 0.00695 90 6447
0.20107 0.38539 0.08112 0.31452 0.01790 100 7948
0.08779 0.53568 0.07214 0.29835 0.00604 110 9601
0.06223 0.39765 0.05472 0.48285 0.00255 120 11422
0.07566 0.65387 0.24406 0.00529 0.02112 0 0
0.09592 0.53694 0.01617 0.33783 0.01315 10 85
0.11279 0.13751 0.00184 0.74268 0.00517 20 330
0.07529 0.60546 0.02606 0.27469 0.01851 30 731
0.09096 0.83257 0.02438 0.04814 0.00395 40 1292
0.00906 0.72598 0.03057 0.22996 0.00443 50 2005
0.00550 0.65768 0.02792 0.30456 0.00433 60 2878
0.01636 0.62833 0.03967 0.31052 0.00512 70 3909
0.03098 0.61218 0.03966 0.31100 0.00619 80 5096
0.01975 0.76852 0.04334 0.16431 0.00409 90 6447
0.02847 0.76356 0.08556 0.11820 0.00421 100 7948
0.04741 0.65386 0.10478 0.18574 0.00820 110 9601
0.04549 0.68175 0.05927 0.20885 0.00463 120 11422
0.00075 0.00262 0.77417 0.20951 0.01294 0 0
0.47976 0.13956 0.01392 0.25583 0.11093 10 85
0.74775 0.11009 0.02928 0.09574 0.01715 20 330
0.20568 0.38532 0.21893 0.16028 0.02978 30 731
0.05542 0.68773 0.21827 0.03138 0.00720 40 1292
0.01641 0.84904 0.02776 0.09446 0.01232 50 2005
0.01805 0.83029 0.08126 0.06634 0.00405 60 2878
0.03350 0.63008 0.08063 0.25072 0.00507 70 3909
0.03285 0.55227 0.09529 0.31370 0.00589 80 5096
0.06313 0.54316 0.18070 0.19635 0.01666 90 6447
0.09262 0.30615 0.05997 0.51895 0.02232 100 7948
0.04584 0.61829 0.12742 0.19935 0.00910 110 9601
0.08335 0.52808 0.14984 0.22825 0.01047 120 11422
0.09258 0.38506 0.08287 0.12143 0.31805 0 0
0.60460 0.13321 0.00377 0.11549 0.14293 10 85
0.35205 0.12303 0.00837 0.48687 0.02968 20 330
0.15442 0.76694 0.04596 0.02305 0.00963 30 731
0.05496 0.66847 0.22538 0.04334 0.00784 40 1292
0.18211 0.46307 0.31177 0.03773 0.00533 50 2005
0.01104 0.72884 0.05742 0.19962 0.00308 60 2878
0.06863 0.60120 0.06482 0.26074 0.00462 70 3909
0.04373 0.77402 0.04084 0.13750 0.00391 80 5096
0.00651 0.84045 0.04081 0.11061 0.00163 90 6447
0.08867 0.47711 0.05597 0.36954 0.00870 100 7948
0.06552 0.45362 0.11316 0.36268 0.00502 110 9601
0.13476 0.35523 0.10404 0.39987 0.00611 120 11422
0.04332 0.28972 0.54720 0.03427 0.08550 0 0
0.21804 0.09818 0.01827 0.31213 0.35338 10 85
0.64108 0.09349 0.01423 0.20862 0.04258 20 330
0.18791 0.65738 0.08075 0.05645 0.01750 30 731
0.19975 0.35073 0.34622 0.07233 0.03097 40 1292
0.04080 0.72931 0.10735 0.11339 0.00915 50 2005
0.01673 0.82129 0.04458 0.11346 0.00394 60 2878
0.01793 0.79796 0.05568 0.12075 0.00767 70 3909
0.05218 0.62790 0.05617 0.25781 0.00594 80 5096
0.09895 0.40502 0.05407 0.42586 0.01609 90 6447
0.02811 0.60382 0.05791 0.30371 0.00645 100 7948
0.06102 0.32937 0.15544 0.44495 0.00921 110 9601
0.06357 0.46321 0.08760 0.36822 0.01740 120 11422
0.01789 0.08650 0.52818 0.00272 0.36470 0 0
0.73652 0.16999 0.00224 0.04673 0.04453 10 85
0.76859 0.08754 0.01675 0.11024 0.01688 20 330
0.19520 0.67427 0.10474 0.01741 0.00838 30 731
0.07003 0.67143 0.19099 0.03882 0.02873 40 1292
0.05146 0.67815 0.09609 0.16445 0.00985 50 2005
0.07623 0.78900 0.04823 0.08084 0.00571 60 2878
0.05251 0.51067 0.05849 0.37030 0.00804 70 3909
0.01078 0.90880 0.02639 0.05248 0.00155 80 5096
0.05166 0.63733 0.02869 0.27873 0.00359 90 6447
0.20984 0.28657 0.07582 0.41838 0.00938 100 7948
0.16059 0.24904 0.08524 0.49205 0.01308 110 9601
0.09238 0.42839 0.04638 0.42828 0.00457 120 11422
0.00004 0.00105 0.96983 0.02609 0.00298 0 0
0.85592 0.04360 0.00214 0.03054 0.06781 10 85
0.47689 0.08644 0.00762 0.39631 0.03275 20 330
0.17000 0.69713 0.07898 0.03841 0.01548 30 731
0.09817 0.67928 0.10071 0.11351 0.00833 40 1292
0.03305 0.74744 0.10506 0.10230 0.01214 50 2005
0.10589 0.62029 0.08462 0.17825 0.01095 60 2878
0.03500 0.80753 0.05038 0.10365 0.00343 70 3909
0.10991 0.43734 0.06257 0.36766 0.02252 80 5096
0.01212 0.72874 0.14180 0.11417 0.00316 90 6447
0.02253 0.73580 0.05272 0.18587 0.00307 100 7948
0.06931 0.75058 0.03954 0.13680 0.00378 110 9601
0.04989 0.64021 0.06821 0.23560 0.00608 120 11422
0.00110 0.00361 0.03319 0.01261 0.94950 0 0
0.16372 0.05040 0.00134 0.76147 0.02307 10 85
0.59796 0.21731 0.03343 0.13035 0.02095 20 330
0.20451 0.62043 0.13554 0.03303 0.00649 30 731
0.07512 0.57805 0.05857 0.27822 0.01003 40 1292
0.06979 0.65943 0.04168 0.21813 0.01097 50 2005
0.51780 0.19393 0.03118 0.23907 0.01801 60 2878
0.37501 0.31534 0.01412 0.28712 0.00841 70 3909
0.18707 0.47566 0.01109 0.31927 0.00691 80 5096
0.23116 0.14374 0.03916 0.55618 0.02975 90 6447
0.20006 0.43052 0.04017 0.31356 0.01569 100 7630
0.26551 0.38471 0.01473 0.31914 0.01592 110 8705
0.24579 0.24964 0.06465 0.42222 0.01769 120 9738
0.09465 0.08529 0.66653 0.14335 0.01018 0 0
0.56702 0.17751 0.01507 0.11073 0.12967 10 85
0.82663 0.06273 0.03044 0.04986 0.03033 20 330
0.27883 0.61541 0.07523 0.01786 0.01267 30 731
0.05130 0.60210 0.13182 0.19128 0.02350 40 1292
0.10029 0.69805 0.16797 0.02452 0.00917 50 2005
0.02597 0.83971 0.05142 0.07902 0.00389 60 2878
0.04683 0.76857 0.04948 0.12921 0.00590 70 3909
0.01463 0.88173 0.02112 0.08091 0.00161 80 5096
0.01882 0.72111 0.05033 0.20637 0.00338 90 6447
0.02186 0.57219 0.05682 0.34407 0.00507 100 7948
0.04419 0.66783 0.04299 0.24072 0.00427 110 9601
0.09999 0.49599 0.02529 0.37247 0.00626 120 11422
0.00055 0.00060 0.16443 0.00181 0.83261 0 0
0.15768 0.21900 0.00851 0.60270 0.01211 10 85
0.43255 0.19577 0.05044 0.29248 0.02877 20 330
0.26000 0.44818 0.25206 0.02399 0.01577 30 731
0.05293 0.54384 0.23963 0.12201 0.04158 40 1292
0.02806 0.88562 0.04940 0.03042 0.00650 50 2005
0.06434 0.51306 0.20699 0.21178 0.00383 60 2878
0.02919 0.74330 0.05388 0.16859 0.00504 70 3909
0.00995 0.87058 0.02182 0.09613 0.00153 80 5096
0.02191 0.68585 0.05814 0.23148 0.00262 90 6447
0.01226 0.82333 0.07445 0.08856 0.00140 100 7948
0.03084 0.61858 0.10897 0.23755 0.00405 110 9601
0.06887 0.26994 0.15936 0.49764 0.00420 120 11253
0.00189 0.00371 0.51927 0.42815 0.04699 0 0
0.02396 0.01570 0.02333 0.92100 0.01601 10 85
0.24622 0.03035 0.03939 0.68059 0.00345 20 330
0.28557 0.58125 0.06518 0.04174 0.02627 30 731
0.06215 0.20483 0.70918 0.02002 0.00382 40 1292
0.13967 0.60091 0.19096 0.05770 0.01075 50 2005
0.07586 0.58675 0.19811 0.13015 0.00913 60 2878
0.02628 0.84315 0.05962 0.06961 0.00135 70 3909
0.03207 0.70756 0.04589 0.21048 0.00400 80 5096
0.12779 0.53342 0.07859 0.25328 0.00692 90 6447
0.04399 0.75868 0.06582 0.12375 0.00776 100 7948
0.07237 0.54716 0.14423 0.22408 0.01216 110 9601
0.03555 0.69096 0.10343 0.16548 0.00459 120 11422
0.00120 0.00652 0.73114 0.23424 0.02689 0 0
0.65257 0.05263 0.01259 0.16907 0.11314 10 85
0.67807 0.10814 0.01637 0.16793 0.02949 20 330
0.45383 0.28169 0.24685 0.01016 0.00747 30 731
0.06986 0.62083 0.26474 0.02870 0.01587 40 1292
0.05394 0.76411 0.15978 0.01590 0.00628 50 2005
0.08574 0.51918 0.15302 0.23759 0.00447 60 2878
0.01695 0.86453 0.04311 0.07368 0.00173 70 3909
0.04614 0.68818 0.08596 0.17557 0.00415 80 5096
0.05240 0.60821 0.07902 0.25832 0.00204 90 6447
0.11794 0.49187 0.06878 0.31564 0.00576 100 7948
0.04335 0.63734 0.10162 0.21491 0.00278 110 9601
0.06218 0.48178 0.03603 0.41413 0.00587 120 11422
0.00016 0.00033 0.00763 0.00051 0.99137 0 0
0.33216 0.31244 0.00475 0.20236 0.14829 10 85
0.05146 0.12441 0.01691 0.79023 0.01699 20 330
0.20538 0.45629 0.16228 0.17135 0.00470 30 731
0.31575 0.29707 0.23303 0.13454 0.01961 40 1292
0.23552 0.42616 0.04416 0.27736 0.01680 50 2005
0.25139 0.27055 0.02460 0.43848 0.01498 60 2878
0.22844 0.38428 0.05720 0.31785 0.01222 70 3909
0.23138 0.32557 0.05799 0.35698 0.02807 80 5083
0.37466 0.23239 0.02709 0.34946 0.01639 90 6101
0.28574 0.24897 0.04337 0.40506 0.01686 100 7031
0.24452 0.42077 0.04961 0.27420 0.01090 110 7920
0.37748 0.21831 0.06100 0.32603 0.01717 120 8792
0.00052 0.00133 0.03135 0.00162 0.96518 0 0
0.27106 0.17263 0.02254 0.46479 0.06898 10 85
0.45476 0.13839 0.02610 0.35701 0.02374 20 330
0.17322 0.46465 0.17969 0.17647 0.00597 30 731
0.05223 0.69033 0.14907 0.09666 0.01170 40 1292
0.03161 0.79896 0.04464 0.12076 0.00403 50 2005
0.01158 0.92260 0.01088 0.05304 0.00191 60 2878
0.13559 0.61377 0.04989 0.19575 0.00500 70 3909
0.16175 0.48915 0.00750 0.33539 0.00622 80 5096
0.27083 0.45672 0.04527 0.21048 0.01670 90 6447
0.21647 0.57086 0.02758 0.17704 0.00805 100 7948
0.54788 0.14046 0.00964 0.29489 0.00713 110 9601
0.20900 0.30075 0.03635 0.44376 0.01014 120 11422
0.00314 0.00106 0.02371 0.11031 0.86179 0 0
0.24982 0.17444 0.10552 0.33554 0.13469 10 85
0.53139 0.26446 0.04709 0.13448 0.02259 20 330
0.19573 0.66616 0.12234 0.00851 0.00726 30 731
0.05419 0.67582 0.23443 0.02213 0.01344 40 1292
0.04579 0.77861 0.11649 0.04720 0.01190 50 2005
0.13520 0.49286 0.13042 0.21898 0.02255 60 2878
0.01608 0.83164 0.10261 0.04285 0.00681 70 3909
0.03618 0.58556 0.18087 0.18652 0.01087 80 5096
0.17750 0.38849 0.03688 0.38523 0.01191 90 6447
0.15083 0.09812 0.17100 0.55674 0.02331 100 7948
0.14862 0.21322 0.33364 0.28614 0.01838 110 9601
0.18655 0.12256 0.24479 0.42715 0.01894 120 11253
0.04110 0.08304 0.45183 0.41296 0.01108 0 0
0.23641 0.46766 0.14744 0.12034 0.02815 10 85
0.86397 0.03302 0.02778 0.06209 0.01314 20 330
0.16940 0.62487 0.05171 0.13246 0.02156 30 731
0.08524 0.71684 0.08697 0.07256 0.03839 40 1292
0.01535 0.84044 0.04498 0.09485 0.00439 50 2005
0.01447 0.70937 0.02727 0.23811 0.01078 60 2878
0.07097 0.62006 0.10011 0.19649 0.01236 70 3909
0.02771 0.76880 0.04315 0.15147 0.00887 80 5096
0.01690 0.60527 0.06416 0.30249 0.01119 90 6447
0.02265 0.74159 0.09462 0.13786 0.00329 100 7948
0.02651 0.71503 0.07528 0.17750 0.00568 110 9601
0.00914 0.82474 0.04798 0.11424 0.00391 120 11422
0.00375 0.00437 0.53051 0.43272 0.02865 0 0
0.66984 0.17014 0.00273 0.11820 0.03909 10 85
0.40110 0.16194 0.00213 0.40162 0.03320 20 330
0.45504 0.43855 0.06660 0.01939 0.02041 30 731
0.10766 0.60541 0.12383 0.15097 0.01213 40 1292
0.02609 0.75495 0.05312 0.16277 0.00306 50 2005
0.06949 0.69643 0.14214 0.08643 0.00550 60 2878
0.02021 0.50388 0.02211 0.45080 0.00300 70 3909
0.08192 0.58010 0.02185 0.31093 0.00521 80 5096
0.04968 0.64207 0.05212 0.25041 0.00572 90 6447
0.07197 0.43646 0.02520 0.46150 0.00486 100 7948
0.08597 0.51937 0.02674 0.36247 0.00544 110 9601
0.04229 0.52562 0.03466 0.39345 0.00398 120 11422
0.00393 0.98123 0.01075 0.00177 0.00232 0 0
0.42437 0.21073 0.01022 0.17157 0.18310 10 85
0.16480 0.02748 0.00694 0.77525 0.02553 20 330
0.09133 0.30315 0.03381 0.55390 0.01780 30 731
0.03561 0.44833 0.03021 0.47087 0.01497 40 1292
0.01210 0.87111 0.05793 0.05557 0.00329 50 2005
0.01051 0.60474 0.04790 0.33153 0.00532 60 2878
0.01554 0.78662 0.03296 0.16171 0.00316 70 3909
0.06577 0.50540 0.06364 0.35990 0.00530 80 5096
0.06391 0.49554 0.08974 0.34145 0.00935 90 6447
0.02001 0.42188 0.05026 0.50409 0.00376 100 7948
0.05056 0.32191 0.07070 0.55060 0.00623 110 9601
0.04699 0.18546 0.04199 0.71836 0.00721 120 11422
0.10607 0.05925 0.64807 0.11867 0.06793 0 0
0.76786 0.07167 0.01437 0.08623 0.05988 10 85
0.38964 0.06770 0.00422 0.52167 0.01678 20 330
0.26607 0.41625 0.26909 0.02792 0.02068 30 731
0.05846 0.76432 0.09270 0.07467 0.00985 40 1292
0.03454 0.76398 0.09878 0.09552 0.00719 50 2005
0.02560 0.84213 0.08799 0.04318 0.00110 60 2878
0.01299 0.81306 0.08273 0.08700 0.00422 70 3909
0.01769 0.66997 0.04171 0.26588 0.00476 80 5096
0.11806 0.35053 0.17076 0.35180 0.00885 90 6447
0.04627 0.42802 0.11216 0.40633 0.00721 100 7948
0.02033 0.48880 0.06757 0.41852 0.00478 110 9601
0.02631 0.61159 0.07646 0.28026 0.00537 120 11422
0.52715 0.19290 0.01750 0.15134 0.11111 0 0
0.08891 0.14617 0.04336 0.58647 0.13509 10 85
0.63617 0.06735 0.01624 0.23527 0.04497 20 330
0.38098 0.45351 0.12245 0.02694 0.01612 30 731
0.15881 0.39798 0.26370 0.13511 0.04441 40 1292
0.07663 0.69054 0.09298 0.12638 0.01347 50 2005
0.07644 0.65031 0.02309 0.24615 0.00400 60 2878
0.11653 0.61453 0.04660 0.21195 0.01039 70 3909
0.02578 0.47223 0.04755 0.44865 0.00580 80 5096
0.07908 0.44042 0.04921 0.41950 0.01179 90 6447
0.05068 0.73252 0.06700 0.14426 0.00554 100 7948
0.04038 0.54271 0.04968 0.36255 0.00467 110 9601
0.02129 0.75837 0.04134 0.17472 0.00428 120 11422
0.00051 0.00080 0.03596 0.00218 0.96055 0 0
0.00636 0.00935 0.00762 0.06178 0.91489 10 85
0.07007 0.00685 0.00748 0.90642 0.00917 20 330
0.21965 0.24001 0.09883 0.41811 0.02339 30 731
0.03355 0.72368 0.14466 0.08968 0.00844 40 1292
0.01218 0.77460 0.05858 0.15100 0.00364 50 2005
0.00917 0.84855 0.06178 0.07728 0.00321 60 2878
0.01687 0.83476 0.03894 0.10626 0.00317 70 3909
0.06059 0.11996 0.20316 0.59980 0.01649 80 5096
0.15448 0.11282 0.17251 0.53996 0.02024 90 6447
0.07130 0.09684 0.16537 0.65382 0.01267 100 7948
0.07451 0.11155 0.13508 0.66799 0.01086 110 9601
0.02547 0.07909 0.10530 0.78348 0.00666 120 11422
0.20718 0.05014 0.22924 0.46050 0.05293 0 0
0.78466 0.06778 0.02464 0.08796 0.03496 10 85
0.63516 0.17303 0.02215 0.12467 0.04499 20 330
0.25864 0.59584 0.11185 0.02250 0.01118 30 731
0.07752 0.77835 0.10734 0.02481 0.01199 40 1292
0.02158 0.85521 0.04808 0.06651 0.00861 50 2005
0.02229 0.70433 0.05269 0.21436 0.00633 60 2878
0.03530 0.44987 0.12834 0.38139 0.00510 70 3909
0.05119 0.47209 0.07492 0.38498 0.01682 80 5096
0.01964 0.51598 0.04089 0.41796 0.00553 90 6447
0.02792 0.41882 0.12988 0.41305 0.01033 100 7948
0.04538 0.41319 0.08176 0.45135 0.00833 110 9601
0.03269 0.50379 0.05256 0.40016 0.01080 120 11422
0.01230 0.00318 0.48090 0.49389 0.00973 0 0
0.40625 0.12763 0.00708 0.33097 0.12806 10 85
0.49773 0.14503 0.09128 0.22278 0.04319 20 330
0.32090 0.52295 0.10978 0.03379 0.01259 30 731
0.08842 0.53079 0.33596 0.03710 0.00774 40 1292
0.11598 0.78520 0.03527 0.05515 0.00839 50 2005
0.07073 0.15136 0.03788 0.73185 0.00819 60 2878
0.22946 0.45051 0.03339 0.27676 0.00988 70 3909
0.15293 0.72713 0.01579 0.10219 0.00196 80 5096
0.19591 0.48775 0.01128 0.30305 0.00200 90 6447
0.14718 0.45916 0.02313 0.36894 0.00159 100 7948
0.39885 0.36362 0.02532 0.20800 0.00421 110 9601
0.23093 0.23708 0.01825 0.50985 0.00388 120 11422
0.43553 0.03644 0.43168 0.01336 0.08299 0 0
0.79123 0.05996 0.01618 0.07652 0.05611 10 85
0.58215 0.14675 0.00966 0.22074 0.04069 20 330
0.34185 0.54720 0.07548 0.02362 0.01184 30 731
0.09949 0.72982 0.10671 0.04426 0.01972 40 1292
0.03053 0.83606 0.07037 0.05762 0.00542 50 2005
0.00868 0.85980 0.02493 0.10450 0.00208 60 2878
0.00529 0.93844 0.03616 0.01963 0.00048 70 3909
0.07675 0.50092 0.10550 0.30558 0.01125 80 5096
0.01230 0.76195 0.04367 0.18032 0.00176 90 6447
0.08245 0.47440 0.03732 0.39868 0.00714 100 7948
0.04099 0.48534 0.02493 0.44592 0.00282 110 9601
0.07426 0.61187 0.02172 0.28971 0.00244 120 11422
0.00012 0.00020 0.00604 0.00040 0.99325 0 0
0.03525 0.21719 0.02473 0.70938 0.01345 10 85
0.28564 0.10155 0.00935 0.57783 0.02564 20 330
0.40573 0.45429 0.08569 0.05043 0.00386 30 731
0.07602 0.52238 0.18152 0.19789 0.02219 40 1292
0.04009 0.83957 0.05389 0.06097 0.00548 50 2005
0.06505 0.72303 0.12965 0.07105 0.01122 60 2878
0.02428 0.56495 0.03259 0.37227 0.00591 70 3909
0.15492 0.59411 0.03446 0.20827 0.00824 80 5096
0.03904 0.64281 0.06350 0.24319 0.01147 90 6447
0.04171 0.41446 0.05095 0.48755 0.00533 100 7948
0.18347 0.10855 0.04255 0.65570 0.00972 110 9601
0.05818 0.40784 0.04506 0.47733 0.01159 120 11422
0.37775 0.06708 0.54207 0.00605 0.00706 0 0
0.29905 0.23064 0.02455 0.26196 0.18379 10 85
0.70293 0.05784 0.12480 0.08820 0.02623 20 330
0.22868 0.15501 0.54420 0.05896 0.01316 30 731
0.12706 0.07890 0.74406 0.03774 0.01225 40 1292
0.24248 0.46356 0.12504 0.12882 0.04010 50 2005
0.08746 0.78175 0.01419 0.11171 0.00488 60 2878
0.18359 0.71510 0.02523 0.07136 0.00471 70 3909
0.15431 0.47846 0.07974 0.27955 0.00793 80 5096
0.06745 0.85008 0.01944 0.06224 0.00080 90 6447
0.27129 0.34539 0.04885 0.33196 0.00249 100 7948
0.12389 0.70638 0.03210 0.13646 0.00118 110 9601
0.11708 0.41352 0.03583 0.43018 0.00339 120 11422
0.08766 0.16363 0.17856 0.04470 0.52545 0 0
0.11610 0.04340 0.00199 0.75301 0.08550 10 85
0.30675 0.22649 0.01064 0.41120 0.04493 20 330
0.05785 0.78320 0.05772 0.09280 0.00844 30 731
0.05300 0.70408 0.02578 0.20430 0.01284 40 1292
0.04242 0.67450 0.01331 0.26581 0.00397 50 2005
0.01957 0.72403 0.00356 0.25163 0.00121 60 2878
0.05536 0.60809 0.03206 0.29494 0.00955 70 3909
0.07066 0.53302 0.10521 0.28101 0.01011 80 5096
0.04970 0.70109 0.10683 0.13110 0.01128 90 6447
0.11397 0.43280 0.10296 0.34051 0.00976 100 7948
0.14680 0.30588 0.20119 0.30869 0.03745 110 9601
0.14769 0.59122 0.06314 0.18827 0.00969 120 11422
0.51342 0.06828 0.33623 0.00083 0.08123 0 0
0.32591 0.10613 0.00561 0.48362 0.07873 10 85
0.21580 0.68650 0.02128 0.07351 0.00292 20 330
0.08138 0.54453 0.32889 0.04256 0.00264 30 731
0.12850 0.44542 0.37899 0.03942 0.00766 40 1292
0.04101 0.82392 0.01854 0.10946 0.00708 50 2005
0.15432 0.51660 0.00690 0.31700 0.00518 60 2878
0.30894 0.54455 0.01216 0.12815 0.00620 70 3909
0.18360 0.35885 0.02454 0.41682 0.01619 80 5096
0.44832 0.20679 0.03634 0.28481 0.02375 90 6447
0.43711 0.26243 0.01283 0.27506 0.01256 100 7630
0.53656 0.29682 0.01454 0.14102 0.01105 110 8705
0.54680 0.28941 0.00877 0.14794 0.00708 120 9738
0.04866 0.08643 0.26568 0.08762 0.51162 0 0
0.64467 0.02455 0.01128 0.20207 0.11743 10 85
0.12820 0.14132 0.01884 0.67888 0.03277 20 330
0.14134 0.68738 0.06162 0.09762 0.01204 30 731
0.08622 0.74553 0.06794 0.08482 0.01549 40 1292
0.03721 0.78494 0.02601 0.14828 0.00356 50 2005
0.01934 0.92777 0.02185 0.02827 0.00277 60 2878
0.01593 0.82690 0.12766 0.02546 0.00404 70 3909
0.03262 0.85426 0.01536 0.09392 0.00384 80 5096
0.10867 0.31123 0.07031 0.49892 0.01088 90 6447
0.06352 0.62199 0.11468 0.18930 0.01052 100 7948
0.11516 0.56483 0.04592 0.26528 0.00881 110 9601
0.27409 0.23049 0.05518 0.42267 0.01757 120 11422
0.00105 0.00206 0.17295 0.00467 0.81927 0 0
0.36351 0.03380 0.00183 0.53336 0.06751 10 85
0.56752 0.10020 0.01115 0.29183 0.02931 20 330
0.09998 0.73950 0.04380 0.10845 0.00826 30 731
0.08315 0.65457 0.15208 0.09892 0.01128 40 1292
0.02597 0.85087 0.02161 0.09596 0.00559 50 2005
0.05944 0.69413 0.14135 0.09327 0.01182 60 2878
0.01427 0.55215 0.08264 0.34193 0.00901 70 3909
0.02530 0.79226 0.04965 0.12553 0.00726 80 5096
0.01601 0.75546 0.04444 0.17999 0.00410 90 6447
0.02715 0.70891 0.03707 0.22309 0.00378 100 7948
0.01856 0.40732 0.05461 0.51518 0.00433 110 9601
0.01289 0.62977 0.03032 0.32424 0.00277 120 11422
0.00219 0.00814 0.52516 0.02220 0.44231 0 0
0.61944 0.04881 0.00623 0.17238 0.15315 10 85
0.17791 0.10052 0.00431 0.69093 0.02632 20 330
0.23015 0.54246 0.09963 0.10359 0.02416 30 731
0.06052 0.71243 0.18563 0.03256 0.00886 40 1292
0.12323 0.56939 0.23741 0.05809 0.01189 50 2005
0.01433 0.69180 0.02738 0.26266 0.00382 60 2878
0.02858 0.87206 0.01112 0.08301 0.00524 70 3909
0.03168 0.68819 0.01945 0.25856 0.00211 80 5096
0.03530 0.67018 0.05005 0.24146 0.00301 90 6447
0.02814 0.43738 0.04670 0.48188 0.00590 100 7948
0.00883 0.50152 0.03103 0.45600 0.00261 110 9601
0.04578 0.36304 0.03827 0.54967 0.00323 120 11422
0.65456 0.33016 0.01247 0.00061 0.00219 0 0
0.26252 0.60945 0.01070 0.08266 0.03467 10 85
0.60511 0.12256 0.13739 0.09555 0.03940 20 330
0.24513 0.10043 0.63475 0.01538 0.00431 30 731
0.04852 0.22065 0.66681 0.05354 0.01048 40 1292
0.03027 0.67704 0.06300 0.21955 0.01013 50 2005
0.06103 0.81977 0.05020 0.06034 0.00866 60 2878
0.04010 0.88395 0.01710 0.05738 0.00146 70 3909
0.07701 0.65580 0.04647 0.21368 0.00704 80 5096
0.07039 0.71266 0.07772 0.13329 0.00594 90 6447
0.03222 0.75245 0.03350 0.17980 0.00203 100 7948
0.05028 0.75998 0.05276 0.13407 0.00290 110 9601
0.11122 0.62954 0.01425 0.24099 0.00400 120 11422
0.00195 0.03263 0.48003 0.03591 0.44949 0 0
0.42745 0.09730 0.01002 0.24191 0.22332 10 85
0.57701 0.05605 0.01967 0.31960 0.02768 20 330
0.24999 0.62105 0.07207 0.04043 0.01647 30 731
0.06733 0.62352 0.14388 0.14957 0.01571 40 1292
0.13077 0.46378 0.31979 0.07214 0.01352 50 2005
0.03655 0.67060 0.06490 0.22127 0.00668 60 2878
0.04463 0.80606 0.05558 0.08747 0.00626 70 3909
0.09298 0.63041 0.04668 0.22281 0.00712 80 5096
0.04763 0.69241 0.08347 0.16204 0.01444 90 6447
0.03710 0.65994 0.05495 0.24339 0.00463 100 7948
0.02886 0.67515 0.06093 0.22884 0.00622 110 9601
0.12517 0.42843 0.15471 0.27855 0.01314 120 11422
0.00008 0.00117 0.64537 0.34574 0.00764 0 0
0.27395 0.01477 0.04141 0.61691 0.05296 10 85
0.13537 0.08770 0.00454 0.71381 0.05857 20 330
0.14939 0.71210 0.03826 0.07416 0.02609 30 731
0.02942 0.51807 0.40603 0.03322 0.01325 40 1292
0.01431 0.80209 0.03679 0.13919 0.00762 50 2005
0.08723 0.65736 0.09027 0.15811 0.00703 60 2878
0.14317 0.42514 0.07964 0.34444 0.00760 70 3909
0.14845 0.28562 0.06114 0.49980 0.00499 80 5096
0.12984 0.23219 0.03978 0.58745 0.01074 90 6447
0.11556 0.29220 0.06304 0.52247 0.00673 100 7948
0.07597 0.16126 0.03825 0.71861 0.00590 110 9601
0.08562 0.41505 0.06779 0.42748 0.00406 120 11422
0.00025 0.00041 0.03519 0.00516 0.95900 0 0
0.41976 0.07885 0.01079 0.41503 0.07557 10 85
0.79071 0.07498 0.01305 0.10073 0.02053 20 330
0.26948 0.44698 0.20875 0.05527 0.01952 30 731
0.05955 0.47162 0.36810 0.08128 0.01946 40 1292
0.11575 0.37139 0.29579 0.19809 0.01898 50 2005
0.04093 0.85879 0.06088 0.03740 0.00201 60 2878
0.04327 0.74011 0.09119 0.12024 0.00520 70 3909
0.03457 0.75716 0.07763 0.12604 0.00460 80 5096
0.07103 0.64069 0.08658 0.19297 0.00873 90 6447
0.06373 0.61722 0.03361 0.28006 0.00537 100 7948
0.04494 0.33900 0.03320 0.57653 0.00634 110 9601
0.04152 0.48461 0.04611 0.41947 0.00828 120 11422
0.00781 0.97621 0.01478 0.00011 0.00108 0 0
0.39648 0.15542 0.00864 0.23771 0.20175 10 85
0.35094 0.19515 0.02254 0.38159 0.04978 20 330
0.33691 0.44952 0.08856 0.11613 0.00888 30 731
0.09104 0.64671 0.12811 0.11938 0.01475 40 1292
0.04644 0.78595 0.07723 0.08128 0.00910 50 2005
0.06155 0.72867 0.07578 0.12437 0.00963 60 2878
0.03295 0.47611 0.04875 0.42988 0.01231 70 3909
0.02002 0.48198 0.04381 0.44365 0.01054 80 5096
0.03380 0.33623 0.05927 0.56446 0.00623 90 6447
0.03530 0.39050 0.06990 0.49421 0.01009 100 7948
0.07634 0.39584 0.06714 0.44518 0.01550 110 9601
0.07102 0.32575 0.05964 0.52838 0.01520 120 11422
0.00016 0.00230 0.78798 0.20049 0.00907 0 0
0.10841 0.04102 0.00607 0.65975 0.18474 10 85
0.66184 0.10373 0.01461 0.19133 0.02848 20 330
0.16005 0.73219 0.04533 0.05191 0.01052 30 731
0.01638 0.89137 0.07453 0.00807 0.00965 40 1292
0.02278 0.73447 0.03894 0.19523 0.00857 50 2005
0.01295 0.59968 0.03719 0.34480 0.00538 60 2878
0.01163 0.63611 0.04981 0.29831 0.00414 70 3909
0.03087 0.76394 0.05465 0.14824 0.00231 80 5096
0.02053 0.71751 0.07260 0.18648 0.00287 90 6447
0.01098 0.43452 0.03784 0.51353 0.00313 100 7948
0.05374 0.39042 0.12543 0.42750 0.00290 110 9601
0.05019 0.46167 0.09121 0.39174 0.00518 120 11422
0.09009 0.05483 0.38056 0.00374 0.47078 0 0
0.38117 0.37676 0.01773 0.07741 0.14693 10 85
0.75053 0.05849 0.06630 0.09949 0.02519 20 330
0.32369 0.38319 0.21309 0.05533 0.02470 30 731
0.01511 0.82009 0.14501 0.01410 0.00569 40 1292
0.05290 0.77099 0.12647 0.04280 0.00683 50 2005
0.02673 0.88439 0.01293 0.07362 0.00232 60 2878
0.02069 0.90618 0.02278 0.04833 0.00202 70 3909
0.08174 0.62094 0.03345 0.25752 0.00635 80 5096
0.06095 0.42017 0.05154 0.45899 0.00835 90 6447
0.27511 0.37958 0.04896 0.28398 0.01237 100 7948
0.08310 0.66029 0.03119 0.22052 0.00490 110 9601
0.21881 0.23262 0.02448 0.51619 0.00789 120 11422
0.23996 0.14985 0.07015 0.45515 0.08489 0 0
0.34646 0.22991 0.08810 0.15896 0.17657 10 85
0.79931 0.06588 0.01021 0.09913 0.02547 20 330
0.14369 0.40509 0.39163 0.04078 0.01881 30 731
0.07736 0.71478 0.06384 0.12312 0.02090 40 1292
0.08414 0.62077 0.11549 0.15902 0.02058 50 2005
0.02769 0.61051 0.02772 0.32992 0.00417 60 2878
0.00530 0.90092 0.01402 0.07898 0.00078 70 3909
0.01254 0.82894 0.04820 0.10775 0.00257 80 5096
0.07024 0.39705 0.06601 0.45847 0.00824 90 6447
0.01706 0.77350 0.04008 0.16572 0.00364 100 7948
0.01835 0.77207 0.06935 0.13760 0.00262 110 9601
0.04252 0.53139 0.12697 0.28848 0.01064 120 11422
0.07287 0.05952 0.43121 0.01571 0.42069 0 0
0.38507 0.11296 0.00589 0.42175 0.07434 10 85
0.80480 0.06832 0.01649 0.07853 0.03186 20 330
0.04150 0.84391 0.02144 0.09076 0.00239 30 731
0.03844 0.83598 0.03315 0.08772 0.00472 40 1292
0.02406 0.77750 0.02187 0.17179 0.00478 50 2005
0.05524 0.58004 0.03210 0.32166 0.01095 60 2878
0.07673 0.80023 0.00839 0.11160 0.00305 70 3909
0.10333 0.70466 0.04546 0.14108 0.00548 80 5096
0.05918 0.61571 0.10016 0.21011 0.01484 90 6447
0.08980 0.57766 0.08661 0.23583 0.01010 100 7948
0.11552 0.56803 0.05022 0.25064 0.01559 110 9601
0.12801 0.42745 0.03171 0.39952 0.01331 120 11422
0.17274 0.78087 0.03038 0.00288 0.01313 0 0
0.33969 0.28239 0.01499 0.10209 0.26085 10 85
0.10133 0.08924 0.00960 0.76259 0.03723 20 330
0.31215 0.38337 0.26242 0.02015 0.02190 30 731
0.26234 0.57381 0.10835 0.04031 0.01519 40 1292
0.03497 0.65912 0.11307 0.18252 0.01032 50 2005
0.02589 0.74201 0.06025 0.16074 0.01111 60 2878
0.02499 0.72462 0.01945 0.22602 0.00492 70 3909
0.00966 0.88455 0.02766 0.07536 0.00277 80 5096
0.03105 0.66284 0.10973 0.19027 0.00611 90 6447
0.07651 0.59220 0.05576 0.26796 0.00757 100 7948
0.05502 0.71922 0.05916 0.15676 0.00985 110 9601
0.05210 0.66027 0.10295 0.17562 0.00906 120 11422
0.00449 0.00777 0.27625 0.64424 0.06724 0 0
0.03756 0.00585 0.01318 0.89538 0.04804 10 85
0.01528 0.02066 0.00952 0.94825 0.00628 20 330
0.10417 0.19622 0.06010 0.63060 0.00890 30 731
0.12141 0.51088 0.26308 0.10042 0.00421 40 1292
0.02682 0.71545 0.12481 0.12774 0.00518 50 2005
0.04128 0.74755 0.10144 0.10339 0.00633 60 2878
0.01780 0.28464 0.05256 0.63972 0.00527 70 3909
0.02563 0.66354 0.11551 0.19211 0.00321 80 5096
0.03657 0.52384 0.16075 0.27327 0.00558 90 6447
0.01375 0.69679 0.11293 0.17231 0.00422 100 7948
0.06421 0.50311 0.17583 0.24520 0.01165 110 9601
0.08304 0.60244 0.08430 0.22600 0.00422 120 11422
0.04221 0.94730 0.00275 0.00143 0.00630 0 0
0.46777 0.41924 0.01840 0.06038 0.03422 10 85
0.59463 0.08996 0.03099 0.24205 0.04237 20 330
0.20346 0.58353 0.11770 0.06376 0.03155 30 731
0.04148 0.61398 0.25294 0.07066 0.02094 40 1292
0.01549 0.66865 0.02800 0.27955 0.00831 50 2005
0.03869 0.71824 0.10119 0.13807 0.00381 60 2878
0.01532 0.41725 0.05309 0.50930 0.00504 70 3909
0.03010 0.57011 0.07856 0.31402 0.00720 80 5096
0.01243 0.44388 0.07547 0.46456 0.00366 90 6447
0.02122 0.54805 0.10948 0.31487 0.00639 100 7948
0.08709 0.51039 0.08305 0.30602 0.01345 110 9601
0.04397 0.65569 0.05575 0.23681 0.00778 120 11422
0.00892 0.01427 0.16755 0.07363 0.73563 0 0
0.51747 0.11720 0.01541 0.22421 0.12571 10 85
0.18292 0.03152 0.02301 0.75500 0.00755 20 330
0.45188 0.08640 0.06155 0.38458 0.01558 30 731
0.06645 0.74966 0.14103 0.03935 0.00351 40 1292
0.00982 0.81803 0.01671 0.15076 0.00468 50 2005
0.00778 0.78440 0.01690 0.18898 0.00194 60 2878
0.01282 0.22696 0.03766 0.71754 0.00502 70 3909
0.02164 0.62971 0.08495 0.26006 0.00363 80 5096
0.05684 0.40950 0.07497 0.45110 0.00758 90 6447
0.09140 0.34050 0.11210 0.44926 0.00674 100 7948
0.15102 0.39678 0.14228 0.29795 0.01196 110 9601
0.03186 0.49676 0.12240 0.34030 0.00868 120 11422
0.01809 0.03742 0.33373 0.02439 0.58638 0 0
0.57631 0.32857 0.00128 0.02296 0.07089 10 85
0.60258 0.23143 0.02005 0.12683 0.01911 20 330
0.28061 0.55157 0.12866 0.03122 0.00795 30 731
0.06135 0.65110 0.25198 0.02633 0.00925 40 1292
0.04957 0.69327 0.18416 0.06559 0.00741 50 2005
0.04549 0.81584 0.04634 0.08468 0.00764 60 2878
0.00881 0.85016 0.02589 0.11299 0.00215 70 3909
0.04236 0.66968 0.05032 0.22830 0.00935 80 5096
0.06911 0.49962 0.04929 0.37185 0.01013 90 6447
0.07940 0.55468 0.03628 0.32315 0.00649 100 7948
0.04181 0.60135 0.05075 0.29627 0.00982 110 9601
0.10652 0.37676 0.06606 0.43908 0.01158 120 11422
0.00072 0.98745 0.01090 0.00081 0.00013 0 0
0.11339 0.67095 0.18364 0.02939 0.00263 10 85
0.30048 0.04141 0.02510 0.59960 0.03340 20 330
0.45958 0.26992 0.19987 0.05336 0.01727 30 731
0.10258 0.60416 0.15273 0.11912 0.02142 40 1292
0.04933 0.80218 0.07303 0.06536 0.01010 50 2005
0.02488 0.76862 0.04750 0.15332 0.00568 60 2878
0.08033 0.63492 0.09333 0.17862 0.01280 70 3909
0.03977 0.51781 0.07343 0.35736 0.01164 80 5096
0.04478 0.48327 0.11311 0.35112 0.00772 90 6447
0.07092 0.30729 0.05289 0.55471 0.01419 100 7948
0.04674 0.37021 0.06053 0.51235 0.01017 110 9601
0.07839 0.45036 0.13206 0.32307 0.01613 120 11406
0.02816 0.04454 0.85304 0.04095 0.03331 0 0
0.41560 0.17728 0.01981 0.20604 0.18127 10 85
0.57165 0.33198 0.02166 0.04280 0.03190 20 330
0.38277 0.37685 0.18564 0.03409 0.02064 30 731
0.05546 0.67037 0.21334 0.04915 0.01168 40 1292
0.01947 0.78914 0.16431 0.02348 0.00360 50 2005
0.01848 0.85241 0.04970 0.07685 0.00256 60 2878
0.00693 0.92972 0.03302 0.02911 0.00122 70 3909
0.01967 0.80981 0.03191 0.13547 0.00314 80 5096
0.07431 0.64036 0.10335 0.17567 0.00630 90 6447
0.04210 0.65312 0.05197 0.24923 0.00358 100 7948
0.02085 0.59959 0.04116 0.33475 0.00366 110 9601
0.01725 0.64803 0.06033 0.27106 0.00333 120 11422
0.00006 0.00010 0.01101 0.00024 0.98859 0 0
0.48722 0.07397 0.01013 0.28405 0.14463 10 85
0.30840 0.12909 0.02026 0.46816 0.07408 20 330
0.34642 0.44717 0.14651 0.04532 0.01458 30 731
0.01170 0.89252 0.02021 0.07294 0.00262 40 1292
0.03805 0.83523 0.05997 0.06117 0.00559 50 2005
0.05902 0.83185 0.05741 0.04895 0.00276 60 2878
0.04492 0.55141 0.01712 0.38315 0.00340 70 3909
0.03999 0.74550 0.03580 0.17405 0.00467 80 5096
0.19075 0.26119 0.04631 0.48861 0.01313 90 6447
0.25769 0.43816 0.09091 0.19656 0.01668 100 7948
0.07877 0.61539 0.08875 0.20920 0.00789 110 9601
0.06308 0.49309 0.12919 0.30904 0.00559 120 11422
0.00660 0.04132 0.31873 0.03685 0.59650 0 0
0.39380 0.18683 0.00456 0.05298 0.36182 10 85
0.71023 0.15916 0.02975 0.07605 0.02481 20 330
0.22476 0.47520 0.16647 0.10102 0.03255 30 731
0.06788 0.72193 0.17687 0.02281 0.01052 40 1292
0.03187 0.81255 0.08038 0.06985 0.00535 50 2005
0.05349 0.66421 0.11908 0.15029 0.01292 60 2878
0.11372 0.50225 0.03906 0.32971 0.01527 70 3909
0.04121 0.78017 0.03986 0.13247 0.00628 80 5096
0.10462 0.61627 0.05508 0.21897 0.00505 90 6447
0.10830 0.59267 0.07230 0.21624 0.01049 100 7948
0.04682 0.46332 0.07006 0.41564 0.00415 110 9601
0.09271 0.32839 0.07298 0.49364 0.01228 120 11422
0.01196 0.00593 0.46184 0.01003 0.51023 0 0
0.10220 0.07528 0.00112 0.73383 0.08756 10 85
0.87431 0.05506 0.01647 0.03341 0.02075 20 330
0.11116 0.52966 0.25602 0.08380 0.01937 30 731
0.08716 0.61986 0.00284 0.28636 0.00378 40 1292
0.13401 0.34291 0.00428 0.51550 0.00331 50 2005
0.01802 0.75380 0.00112 0.22569 0.00136 60 2878
0.03877 0.54996 0.00253 0.40391 0.00482 70 3909
0.14237 0.55733 0.00562 0.28486 0.00981 80 5096
0.17596 0.30532 0.01026 0.49651 0.01195 90 6447
0.15172 0.46380 0.00976 0.36542 0.00931 100 7948
0.30297 0.23539 0.02496 0.42522 0.01146 110 9601
0.18626 0.22213 0.02277 0.55962 0.00921 120 11422
0.02593 0.00899 0.41854 0.54424 0.00229 0 0
0.68177 0.08773 0.02842 0.10235 0.09973 10 85
0.52439 0.08020 0.02794 0.34088 0.02659 20 330
0.34477 0.48087 0.06800 0.09331 0.01306 30 731
0.07465 0.78423 0.09663 0.02796 0.01653 40 1292
0.02414 0.73889 0.07973 0.14901 0.00824 50 2005
0.03305 0.41446 0.09229 0.45062 0.00958 60 2878
0.01641 0.65440 0.05665 0.26776 0.00478 70 3909
0.03054 0.62983 0.06424 0.26759 0.00779 80 5096
0.02749 0.43864 0.06694 0.45932 0.00761 90 6447
0.05328 0.58853 0.09189 0.26117 0.00512 100 7948
0.01819 0.52626 0.05532 0.39612 0.00411 110 9601
0.02820 0.65324 0.06647 0.24608 0.00601 120 11422
0.15424 0.39535 0.36928 0.06933 0.01180 0 0
0.49843 0.17901 0.00584 0.26935 0.04736 10 85
0.39137 0.31509 0.12152 0.16125 0.01077 20 330
0.14011 0.35369 0.23365 0.26648 0.00608 30 731
0.69985 0.14988 0.06103 0.08175 0.00750 40 1292
0.28678 0.22925 0.00996 0.46458 0.00943 50 2005
0.28700 0.48906 0.01029 0.20543 0.00823 60 2878
0.30488 0.45901 0.00640 0.21468 0.01503 70 3909
0.37358 0.44349 0.01124 0.15989 0.01179 80 5096
0.16507 0.70395 0.00458 0.12470 0.00170 90 6447
0.38842 0.47070 0.01813 0.11702 0.00573 100 7630
0.18310 0.54385 0.00431 0.26396 0.00478 110 8705
0.24699 0.41121 0.01005 0.32840 0.00335 120 9738
0.00016 0.00061 0.01209 0.00439 0.98276 0 0
0.47948 0.22199 0.01087 0.17260 0.11506 10 85
0.16890 0.18094 0.03247 0.58485 0.03285 20 330
0.21232 0.24787 0.01719 0.48978 0.03285 30 731
0.01391 0.87061 0.04080 0.07191 0.00276 40 1292
0.02259 0.92234 0.03622 0.01732 0.00153 50 2005
0.01586 0.88010 0.03637 0.06432 0.00334 60 2878
0.02529 0.88112 0.02569 0.06579 0.00210 70 3909
0.05143 0.81006 0.02973 0.10275 0.00602 80 5096
0.07023 0.62570 0.03676 0.26317 0.00413 90 6447
0.15599 0.44561 0.07277 0.31449 0.01115 100 7948
0.04806 0.49850 0.09465 0.34387 0.01492 110 9601
0.07403 0.46104 0.25408 0.20395 0.00690 120 11422
0.12856 0.06924 0.01788 0.70614 0.07818 0 0
0.31456 0.05255 0.00679 0.57558 0.05052 10 85
0.47573 0.19093 0.02233 0.28015 0.03086 20 330
0.18798 0.20761 0.56265 0.03335 0.00841 30 731
0.13459 0.58463 0.17158 0.09539 0.01382 40 1292
0.04115 0.54989 0.30887 0.09362 0.00647 50 2005
0.24824 0.41019 0.20241 0.12466 0.01450 60 2878
0.24013 0.67685 0.02959 0.04567 0.00777 70 3909
0.26980 0.54791 0.12173 0.05266 0.00791 80 5096
0.17407 0.74035 0.00803 0.07561 0.00195 90 6447
0.07263 0.80526 0.01853 0.10164 0.00195 100 7948
0.43769 0.25040 0.10235 0.20287 0.00669 110 9601
0.35228 0.12171 0.06153 0.45981 0.00467 120 11253
0.00052 0.00299 0.02527 0.00338 0.96785 0 0
0.13024 0.05342 0.00048 0.80925 0.00661 10 85
0.32918 0.17634 0.02586 0.43989 0.02874 20 330
0.20898 0.63724 0.11056 0.03873 0.00449 30 731
0.11292 0.49260 0.03178 0.35238 0.01033 40 1292
0.05120 0.16999 0.02205 0.75050 0.00627 50 2005
0.14492 0.18407 0.01614 0.64266 0.01220 60 2878
0.24625 0.16296 0.02835 0.54986 0.01258 70 3909
0.30110 0.05222 0.04019 0.58376 0.02273 80 5096
0.24407 0.07661 0.05762 0.60058 0.02112 90 6447
0.21746 0.06894 0.03598 0.66391 0.01371 100 7630
0.44004 0.13935 0.03881 0.36624 0.01556 110 8705
0.54278 0.10463 0.03018 0.30105 0.02135 120 9738
0.42792 0.12431 0.39210 0.01049 0.04519 0 0
0.12796 0.05182 0.00840 0.76601 0.04582 10 85
0.39088 0.49550 0.08359 0.01924 0.01080 20 330
0.23145 0.30002 0.45408 0.01075 0.00369 30 731
0.08028 0.37458 0.10761 0.42372 0.01381 40 1292
0.39867 0.22008 0.09510 0.26603 0.02013 50 2005
0.27436 0.31337 0.04916 0.33737 0.02574 60 2878
0.14562 0.43642 0.01588 0.39045 0.01163 70 3909
0.07861 0.53355 0.01220 0.37144 0.00421 80 5096
0.34010 0.36635 0.02987 0.25557 0.00811 90 6447
0.22205 0.33242 0.01971 0.41751 0.00831 100 7630
0.42970 0.20639 0.01579 0.32672 0.02140 110 8705
0.15413 0.35754 0.02005 0.45842 0.00986 120 9738
