0.91479 0.08394 0.00080 0.00016 0.00032 0 0
0.34498 0.26094 0.01418 0.33600 0.04390 10 85
0.48905 0.21982 0.24487 0.03008 0.01618 20 330
0.22666 0.13722 0.60120 0.02503 0.00989 30 731
0.09526 0.41292 0.29638 0.15934 0.03611 40 1292
0.22734 0.38531 0.03451 0.33494 0.01791 50 2005
0.08546 0.36854 0.05596 0.47130 0.01873 60 2878
0.13471 0.29799 0.03942 0.51541 0.01247 70 3909
0.24822 0.20538 0.03213 0.50456 0.00970 80 5096
0.23430 0.05358 0.11546 0.57013 0.02653 90 6447
0.12014 0.03470 0.06007 0.76941 0.01567 100 7948
0.08084 0.13971 0.09676 0.67284 0.00984 110 9601
0.10566 0.03202 0.15252 0.68284 0.02696 120 11074
0.02557 0.82359 0.14233 0.00699 0.00152 0 0
0.12060 0.10970 0.01289 0.73226 0.02456 10 85
0.54999 0.14390 0.08257 0.20087 0.02266 20 330
0.16101 0.12255 0.66463 0.04304 0.00877 30 731
0.09617 0.30734 0.49233 0.09177 0.01238 40 1292
0.04249 0.64205 0.04615 0.25682 0.01248 50 2005
0.17571 0.53450 0.03349 0.25002 0.00629 60 2878
0.13857 0.58821 0.02089 0.24359 0.00874 70 3909
0.08701 0.50273 0.07892 0.32183 0.00950 80 5096
0.05645 0.60094 0.03617 0.29348 0.01296 90 6447
0.07449 0.52724 0.04200 0.35122 0.00505 100 7630
0.08455 0.47419 0.03574 0.39516 0.01036 110 8705
0.14099 0.69232 0.03744 0.12247 0.00679 120 9738
0.04607 0.91129 0.00616 0.02991 0.00658 0 0
0.14298 0.18992 0.01973 0.55513 0.09225 10 85
0.40760 0.40533 0.05307 0.09720 0.03680 20 330
0.14682 0.64140 0.14974 0.04581 0.01622 30 731
0.10443 0.46041 0.11318 0.29220 0.02978 40 1292
0.04277 0.87442 0.00214 0.07901 0.00165 50 2005
0.15049 0.25764 0.02338 0.55073 0.01775 60 2878
0.12496 0.46310 0.05359 0.32694 0.03142 70 3909
0.14184 0.36249 0.04087 0.43177 0.02302 80 5096
0.08607 0.29488 0.11854 0.44288 0.05764 90 6447
0.16047 0.23204 0.06348 0.51313 0.03089 100 7948
0.14304 0.20642 0.12230 0.45787 0.07037 110 9601
0.21823 0.15224 0.15127 0.43141 0.04684 120 11422
0.00264 0.99304 0.00193 0.00134 0.00105 0 0
0.15067 0.70236 0.01183 0.10766 0.02748 10 85
0.76126 0.06091 0.02242 0.14157 0.01384 20 330
0.29979 0.46988 0.11028 0.08043 0.03961 30 731
0.12176 0.63072 0.16939 0.04909 0.02904 40 1292
0.03677 0.76852 0.07940 0.10733 0.00799 50 2005
0.04877 0.77579 0.08645 0.08113 0.00786 60 2878
0.02344 0.50582 0.05280 0.41231 0.00564 70 3909
0.04024 0.48203 0.10111 0.36992 0.00669 80 5096
0.01047 0.75060 0.05794 0.17726 0.00373 90 6447
0.04170 0.50982 0.15281 0.29009 0.00558 100 7948
0.04596 0.37682 0.09122 0.47795 0.00806 110 9601
0.04464 0.63132 0.04850 0.26504 0.01050 120 11422
0.42468 0.32712 0.01776 0.00443 0.22601 0 0
0.30788 0.07958 0.01009 0.57402 0.02844 10 85
0.75319 0.13327 0.04308 0.04339 0.02707 20 330
0.13321 0.11671 0.68973 0.03336 0.02699 30 731
0.17918 0.49615 0.14046 0.12384 0.06036 40 1292
0.30551 0.30219 0.02407 0.30101 0.06721 50 2005
0.19376 0.64392 0.00881 0.11952 0.03399 60 2878
0.37879 0.16272 0.05828 0.33849 0.06173 70 3909
0.10176 0.03806 0.05220 0.76167 0.04630 80 5096
0.20180 0.04245 0.06570 0.67778 0.01227 90 6447
0.19077 0.06399 0.10848 0.61537 0.02139 100 7948
0.24965 0.02594 0.18561 0.50651 0.03229 110 9601
0.11172 0.01776 0.14731 0.71294 0.01027 120 11422
0.09672 0.82337 0.04493 0.00659 0.02840 0 0
0.18548 0.05124 0.00274 0.71281 0.04772 10 85
0.55408 0.19175 0.16446 0.06725 0.02247 20 330
0.49784 0.23281 0.22284 0.03446 0.01205 30 731
0.09699 0.32614 0.50403 0.05210 0.02074 40 1292
0.03523 0.78636 0.14470 0.02718 0.00654 50 2005
0.05405 0.76503 0.01736 0.15925 0.00431 60 2878
0.15344 0.69608 0.02885 0.11623 0.00540 70 3909
0.11180 0.66178 0.01980 0.20096 0.00566 80 5096
0.22997 0.41637 0.02663 0.31760 0.00944 90 6447
0.25260 0.20222 0.02191 0.51493 0.00835 100 7948
0.14199 0.23493 0.02303 0.58955 0.01051 110 9601
0.14144 0.29506 0.01960 0.53140 0.01250 120 11422
0.00100 0.99758 0.00048 0.00080 0.00015 0 0
0.48655 0.19444 0.01764 0.21363 0.08775 10 85
0.91093 0.02588 0.01961 0.03257 0.01101 20 330
0.27296 0.13497 0.56232 0.01919 0.01056 30 731
0.05957 0.43769 0.42929 0.06456 0.00888 40 1292
0.03008 0.77320 0.04406 0.14399 0.00868 50 2005
0.04025 0.68489 0.08780 0.18219 0.00487 60 2878
0.03294 0.61551 0.07749 0.26668 0.00737 70 3909
0.03116 0.62596 0.02022 0.31873 0.00392 80 5096
0.01459 0.58796 0.01160 0.38389 0.00196 90 6447
0.02670 0.48478 0.03956 0.44069 0.00827 100 7948
0.06771 0.51010 0.04950 0.35996 0.01273 110 9601
0.06605 0.51304 0.01669 0.39855 0.00567 120 11422
0.02312 0.93658 0.00523 0.03320 0.00187 0 0
0.63284 0.16486 0.00639 0.07622 0.11969 10 85
0.54773 0.19092 0.13949 0.08639 0.03548 20 330
0.23012 0.12258 0.62088 0.01894 0.00748 30 731
0.13958 0.13787 0.66717 0.03268 0.02269 40 1292
0.08009 0.55589 0.20252 0.14981 0.01169 50 2005
0.02392 0.94540 0.00582 0.02222 0.00264 60 2878
0.02271 0.79886 0.01118 0.16469 0.00256 70 3909
0.11522 0.68735 0.00525 0.18700 0.00519 80 5096
0.04244 0.76580 0.01153 0.17608 0.00415 90 6447
0.05701 0.78507 0.00151 0.15515 0.00125 100 7948
0.13830 0.47546 0.01778 0.36392 0.00454 110 9601
0.07741 0.57006 0.00497 0.34548 0.00207 120 11253
0.40589 0.55854 0.00441 0.02853 0.00263 0 0
0.30157 0.21514 0.00902 0.25788 0.21640 10 85
0.56000 0.20126 0.03381 0.17272 0.03221 20 330
0.24630 0.49801 0.19434 0.03995 0.02140 30 731
0.10258 0.59540 0.23221 0.04486 0.02496 40 1292
0.03505 0.83299 0.04109 0.08287 0.00799 50 2005
0.02553 0.84225 0.02590 0.09811 0.00821 60 2878
0.01737 0.80367 0.03214 0.14387 0.00294 70 3909
0.01734 0.78964 0.02440 0.16338 0.00524 80 5096
0.07336 0.57814 0.04360 0.28919 0.01571 90 6447
0.05738 0.48679 0.04551 0.40297 0.00735 100 7948
0.04444 0.53703 0.03026 0.38517 0.00310 110 9601
0.09825 0.49910 0.02726 0.36704 0.00835 120 11422
0.58803 0.35246 0.00599 0.03421 0.01930 0 0
0.11941 0.03517 0.00173 0.40188 0.44180 10 85
0.02035 0.00889 0.00776 0.94575 0.01725 20 330
0.39043 0.30282 0.14260 0.14711 0.01704 30 731
0.07702 0.71709 0.12011 0.07806 0.00772 40 1292
0.06004 0.44481 0.04959 0.43439 0.01118 50 2005
0.11113 0.49339 0.08025 0.29303 0.02220 60 2878
0.18149 0.16403 0.05658 0.57600 0.02189 70 3909
0.09925 0.48509 0.08043 0.32913 0.00610 80 5096
0.18836 0.40146 0.16739 0.22538 0.01742 90 6390
0.17694 0.25878 0.03382 0.52380 0.00667 100 7486
0.20649 0.49058 0.01870 0.27588 0.00834 110 8506
0.14029 0.15104 0.12426 0.57250 0.01192 120 9492
0.00007 0.75530 0.00625 0.23679 0.00159 0 0
0.17871 0.70090 0.00268 0.10923 0.00849 10 85
0.57074 0.35763 0.03234 0.02647 0.01282 20 330
0.30098 0.29969 0.33963 0.04759 0.01211 30 731
0.07011 0.12071 0.68560 0.09996 0.02362 40 1292
0.08684 0.59949 0.08540 0.21663 0.01165 50 2005
0.19374 0.38580 0.14667 0.25044 0.02334 60 2878
0.07985 0.76346 0.01521 0.13844 0.00303 70 3909
0.24327 0.24229 0.01743 0.49161 0.00541 80 5096
0.19484 0.44057 0.02254 0.33132 0.01074 90 6447
0.14660 0.49940 0.01102 0.33641 0.00658 100 7860
0.45660 0.29948 0.01624 0.22293 0.00476 110 9065
0.21001 0.50041 0.00928 0.27584 0.00446 120 10200
0.01557 0.15656 0.05183 0.53856 0.23747 0 0
0.15668 0.17843 0.00490 0.52195 0.13804 10 85
0.52593 0.05116 0.05486 0.30329 0.06476 20 330
0.42266 0.31588 0.17326 0.07186 0.01635 30 731
0.05650 0.85110 0.02892 0.05065 0.01283 40 1292
0.05014 0.84612 0.00745 0.09448 0.00180 50 2005
0.07951 0.31242 0.00874 0.59448 0.00485 60 2878
0.12198 0.51197 0.01040 0.35232 0.00333 70 3909
0.06628 0.62557 0.00252 0.30353 0.00210 80 5096
0.17982 0.55486 0.01677 0.24123 0.00732 90 6447
0.16438 0.53343 0.00389 0.29413 0.00417 100 7948
0.11006 0.56074 0.00330 0.32369 0.00221 110 9601
0.17200 0.40949 0.00530 0.40816 0.00505 120 11422
0.08452 0.86662 0.01440 0.02381 0.01065 0 0
0.07971 0.03709 0.00920 0.87111 0.00289 10 85
0.61746 0.29328 0.06672 0.01359 0.00895 20 330
0.10954 0.10721 0.74785 0.02790 0.00752 30 731
0.10802 0.46167 0.21073 0.17922 0.04036 40 1292
0.06536 0.80991 0.02123 0.08217 0.02132 50 2005
0.05097 0.33413 0.01869 0.58303 0.01318 60 2878
0.02504 0.76653 0.00572 0.19939 0.00332 70 3909
0.10791 0.26109 0.01235 0.61273 0.00591 80 5096
0.09006 0.25227 0.02545 0.61994 0.01227 90 6447
0.07284 0.23463 0.02811 0.65903 0.00539 100 7948
0.19377 0.15270 0.01949 0.61285 0.02119 110 9601
0.21597 0.40689 0.01275 0.35887 0.00552 120 11422
0.15963 0.81516 0.00894 0.00150 0.01477 0 0
0.28210 0.48494 0.08845 0.07421 0.07029 10 85
0.44826 0.22060 0.12760 0.16124 0.04230 20 330
0.59530 0.24697 0.08531 0.04609 0.02634 30 731
0.15226 0.55689 0.18603 0.06797 0.03685 40 1292
0.25625 0.44932 0.14364 0.11421 0.03658 50 2005
0.13368 0.49136 0.13243 0.21679 0.02574 60 2878
0.22969 0.24854 0.06703 0.43411 0.02063 70 3909
0.13095 0.34221 0.17560 0.33904 0.01220 80 5096
0.09120 0.01669 0.04940 0.82454 0.01816 90 6447
0.09459 0.05436 0.06664 0.76960 0.01481 100 7948
0.02574 0.00408 0.02294 0.94021 0.00703 110 9601
0.06437 0.00942 0.01970 0.89082 0.01569 120 11422
0.00001 0.99992 0.00005 0.00000 0.00001 0 0
0.55661 0.13612 0.00403 0.14555 0.15769 10 85
0.59279 0.05286 0.01120 0.29532 0.04783 20 330
0.25798 0.52866 0.16596 0.03764 0.00977 30 731
0.01338 0.79002 0.09852 0.09396 0.00412 40 1292
0.04029 0.77976 0.09752 0.07608 0.00634 50 2005
0.01290 0.78430 0.03784 0.16063 0.00434 60 2878
0.02280 0.78390 0.06337 0.12516 0.00477 70 3909
0.04042 0.70593 0.05402 0.19359 0.00605 80 5096
0.05839 0.60070 0.07386 0.25974 0.00731 90 6447
0.03121 0.75427 0.06179 0.14798 0.00475 100 7948
0.10307 0.70165 0.03704 0.14761 0.01063 110 9601
0.10590 0.50473 0.08761 0.29259 0.00917 120 11291
0.01150 0.91374 0.06073 0.01050 0.00352 0 0
0.31302 0.31471 0.01766 0.19885 0.15575 10 85
0.55495 0.22651 0.11598 0.07261 0.02995 20 330
0.41399 0.27675 0.25178 0.04113 0.01634 30 731
0.05318 0.38896 0.00676 0.54305 0.00805 40 1292
0.17554 0.34946 0.00489 0.46453 0.00559 50 2005
0.22979 0.37067 0.00365 0.38774 0.00815 60 2878
0.12671 0.61511 0.00130 0.25093 0.00595 70 3909
0.17957 0.59143 0.00222 0.22134 0.00544 80 5096
0.06134 0.63641 0.00084 0.29955 0.00186 90 6447
0.18688 0.58784 0.00304 0.21586 0.00638 100 7948
0.21711 0.54413 0.00210 0.23395 0.00271 110 9601
0.26838 0.30636 0.00559 0.41179 0.00789 120 11422
0.39366 0.59556 0.00157 0.00464 0.00456 0 0
0.11681 0.09605 0.01747 0.72516 0.04451 10 85
0.34851 0.23386 0.38338 0.02838 0.00587 20 330
0.21959 0.31883 0.40710 0.03488 0.01960 30 731
0.07342 0.63842 0.12295 0.15183 0.01338 40 1292
0.11461 0.49026 0.29573 0.08066 0.01874 50 2005
0.05875 0.82729 0.01792 0.08666 0.00938 60 2878
0.00465 0.96500 0.00269 0.02703 0.00063 70 3909
0.03284 0.74640 0.00332 0.21453 0.00292 80 5096
0.01410 0.81838 0.00099 0.16508 0.00146 90 6447
0.12163 0.57016 0.00604 0.29733 0.00484 100 7948
0.07030 0.66278 0.01261 0.25017 0.00414 110 9601
0.21456 0.46531 0.01268 0.30252 0.00493 120 11422
0.02185 0.91820 0.00607 0.00546 0.04842 0 0
0.15560 0.21256 0.01229 0.42362 0.19592 10 85
0.69608 0.04605 0.07385 0.16800 0.01602 20 330
0.16901 0.51805 0.24720 0.04044 0.02530 30 731
0.14149 0.51457 0.29224 0.03535 0.01635 40 1292
0.01922 0.89847 0.04757 0.02990 0.00484 50 2005
0.06316 0.62431 0.08048 0.22450 0.00755 60 2878
0.02579 0.65456 0.09954 0.21624 0.00386 70 3909
0.06931 0.27892 0.19625 0.44503 0.01048 80 5096
0.01349 0.61756 0.07705 0.28620 0.00570 90 6447
0.03979 0.59036 0.06482 0.28933 0.01571 100 7948
0.03427 0.64296 0.06093 0.25741 0.00443 110 9601
0.04271 0.56238 0.04457 0.34455 0.00579 120 11422
0.00671 0.98794 0.00317 0.00086 0.00133 0 0
0.20189 0.75707 0.00282 0.03609 0.00213 10 85
0.49151 0.19573 0.14927 0.12433 0.03916 20 330
0.65299 0.22889 0.08088 0.02527 0.01196 30 731
0.11408 0.18858 0.65496 0.02237 0.02001 40 1292
0.03709 0.78818 0.10205 0.06327 0.00943 50 2005
0.01915 0.68612 0.08445 0.20589 0.00439 60 2878
0.01414 0.85754 0.02946 0.09587 0.00299 70 3909
0.02712 0.77249 0.10137 0.09517 0.00385 80 5096
0.01392 0.82030 0.09543 0.06725 0.00310 90 6447
0.04822 0.68047 0.06308 0.20070 0.00753 100 7948
0.01927 0.86172 0.04578 0.07135 0.00188 110 9601
0.02093 0.76464 0.06476 0.14570 0.00396 120 11422
0.44378 0.52827 0.02168 0.00072 0.00556 0 0
0.12746 0.16936 0.00131 0.64847 0.05339 10 85
0.36438 0.11159 0.00776 0.48679 0.02949 20 330
0.14806 0.38702 0.22790 0.22949 0.00753 30 731
0.11034 0.69058 0.03316 0.15241 0.01351 40 1292
0.01208 0.75876 0.00578 0.21964 0.00374 50 2005
0.02848 0.89962 0.00664 0.06358 0.00167 60 2878
0.03365 0.81014 0.00222 0.15260 0.00139 70 3909
0.02578 0.85748 0.00531 0.10951 0.00193 80 5096
0.09801 0.43558 0.01261 0.44945 0.00435 90 6447
0.13366 0.68301 0.01130 0.16745 0.00458 100 7948
0.21873 0.54640 0.01439 0.21662 0.00385 110 9601
0.07714 0.77737 0.01872 0.12172 0.00505 120 11406
0.00243 0.99013 0.00077 0.00625 0.00042 0 0
0.37808 0.51628 0.00296 0.07933 0.02335 10 85
0.66221 0.07049 0.08489 0.14753 0.03488 20 330
0.57146 0.20606 0.18053 0.02901 0.01293 30 731
0.04407 0.45472 0.35234 0.12438 0.02449 40 1292
0.04470 0.55240 0.05522 0.33287 0.01481 50 2005
0.06021 0.74527 0.08065 0.10177 0.01210 60 2878
0.01124 0.89248 0.02123 0.07274 0.00231 70 3909
0.02268 0.77637 0.04968 0.14576 0.00551 80 5096
0.03658 0.66043 0.06081 0.23194 0.01024 90 6447
0.09350 0.48523 0.08312 0.32677 0.01138 100 7948
0.08035 0.50516 0.03609 0.36997 0.00843 110 9601
0.05106 0.63942 0.04567 0.24820 0.01565 120 11422
0.00064 0.99500 0.00011 0.00402 0.00022 0 0
0.51426 0.12997 0.00417 0.31352 0.03808 10 85
0.73944 0.21684 0.01864 0.02014 0.00493 20 330
0.45239 0.37171 0.12809 0.03031 0.01751 30 731
0.04583 0.79287 0.14455 0.01271 0.00405 40 1292
0.01141 0.94240 0.02565 0.01938 0.00116 50 2005
0.05125 0.77373 0.03924 0.13251 0.00327 60 2878
0.07614 0.49402 0.03962 0.38454 0.00568 70 3909
0.17101 0.41546 0.02311 0.37682 0.01360 80 5096
0.24376 0.25036 0.02162 0.47308 0.01117 90 6447
0.06140 0.44109 0.07629 0.41311 0.00810 100 7948
0.07780 0.24558 0.02348 0.64717 0.00597 110 9269
0.12087 0.30006 0.01785 0.55585 0.00537 120 10481
0.00011 0.99953 0.00012 0.00023 0.00001 0 0
0.08201 0.07248 0.00212 0.80174 0.04165 10 85
0.65859 0.13915 0.08454 0.09528 0.02244 20 330
0.32848 0.37931 0.21695 0.04199 0.03327 30 731
0.12013 0.58374 0.14965 0.12482 0.02166 40 1292
0.01719 0.92514 0.01169 0.04285 0.00313 50 2005
0.02076 0.91826 0.00651 0.05104 0.00343 60 2878
0.08204 0.45863 0.00669 0.44806 0.00459 70 3909
0.03845 0.72335 0.01230 0.22307 0.00284 80 5096
0.10543 0.58608 0.00556 0.29992 0.00301 90 6447
0.07697 0.35087 0.00380 0.56434 0.00402 100 7948
0.06021 0.62243 0.00989 0.30177 0.00570 110 9601
0.07042 0.41344 0.00640 0.50454 0.00520 120 11422
0.10843 0.53027 0.00289 0.34947 0.00893 0 0
0.55523 0.16789 0.00100 0.12422 0.15166 10 85
0.53456 0.10622 0.30059 0.04800 0.01062 20 330
0.12994 0.19240 0.63186 0.02481 0.02099 30 731
0.22031 0.26063 0.47508 0.02431 0.01967 40 1292
0.11477 0.06948 0.79217 0.01174 0.01183 50 2005
0.07453 0.72649 0.16263 0.02877 0.00758 60 2878
0.03386 0.83694 0.06691 0.05717 0.00512 70 3909
0.06238 0.85747 0.02029 0.05822 0.00164 80 5096
0.01930 0.93850 0.00633 0.03423 0.00163 90 6447
0.05359 0.85824 0.02890 0.05738 0.00188 100 7948
0.01675 0.87113 0.02557 0.08478 0.00177 110 9601
0.15236 0.59038 0.03059 0.22218 0.00450 120 11422
0.05606 0.93696 0.00623 0.00046 0.00030 0 0
0.57240 0.19284 0.00489 0.11269 0.11718 10 85
0.78449 0.11787 0.02017 0.05574 0.02173 20 330
0.06283 0.26392 0.63888 0.01694 0.01743 30 731
0.10746 0.41883 0.43211 0.02938 0.01221 40 1292
0.02628 0.76664 0.12131 0.07202 0.01376 50 2005
0.06527 0.69809 0.02307 0.20984 0.00372 60 2878
0.06375 0.57241 0.01165 0.34539 0.00681 70 3909
0.11087 0.76997 0.01216 0.10502 0.00197 80 5096
0.35665 0.27185 0.01308 0.35251 0.00591 90 6447
0.55452 0.20445 0.02655 0.20627 0.00822 100 7948
0.17467 0.41450 0.01075 0.39697 0.00311 110 9601
0.28157 0.36355 0.00645 0.34664 0.00180 120 11422
0.00708 0.98783 0.00016 0.00411 0.00082 0 0
0.51267 0.12861 0.00045 0.22901 0.12925 10 85
0.49374 0.27065 0.01011 0.18613 0.03938 20 330
0.06207 0.68761 0.19595 0.02996 0.02440 30 731
0.09837 0.79070 0.03913 0.06453 0.00727 40 1292
0.22470 0.54168 0.01283 0.20833 0.01246 50 2005
0.21914 0.55979 0.01059 0.19776 0.01273 60 2878
0.06715 0.27185 0.00468 0.63827 0.01805 70 3909
0.06368 0.36974 0.00723 0.55188 0.00747 80 5096
0.29674 0.16651 0.01161 0.50911 0.01602 90 6447
0.23717 0.12089 0.01603 0.60804 0.01787 100 7948
0.14596 0.15416 0.01286 0.67797 0.00905 110 9601
0.64583 0.11563 0.01876 0.20315 0.01662 120 11422
0.02297 0.76372 0.17766 0.03431 0.00134 0 0
0.30959 0.33824 0.00748 0.21884 0.12586 10 85
0.51836 0.16245 0.01615 0.26308 0.03995 20 330
0.41592 0.49020 0.06403 0.01561 0.01424 30 731
0.07019 0.70490 0.17543 0.03867 0.01080 40 1292
0.03109 0.74338 0.15210 0.06825 0.00518 50 2005
0.02499 0.82563 0.02665 0.11423 0.00850 60 2878
0.02731 0.84980 0.02899 0.08931 0.00460 70 3909
0.02902 0.82837 0.05182 0.08111 0.00967 80 5096
0.11494 0.57521 0.03372 0.26521 0.01091 90 6447
0.01876 0.79819 0.10463 0.07535 0.00308 100 7948
0.03102 0.84749 0.01827 0.10120 0.00202 110 9601
0.04770 0.70502 0.03523 0.20777 0.00427 120 11422
0.75968 0.23814 0.00148 0.00034 0.00035 0 0
0.21053 0.23889 0.01519 0.24914 0.28625 10 85
0.57044 0.12338 0.00785 0.27622 0.02211 20 330
0.34938 0.11455 0.50152 0.02398 0.01056 30 731
0.10001 0.59747 0.16806 0.11401 0.02044 40 1292
0.03442 0.65808 0.15916 0.14018 0.00815 50 2005
0.02448 0.88513 0.04177 0.04422 0.00440 60 2878
0.03609 0.81774 0.05307 0.08808 0.00502 70 3909
0.08649 0.63678 0.02061 0.24805 0.00807 80 5096
0.06947 0.62205 0.05005 0.25291 0.00552 90 6447
0.06755 0.68725 0.04900 0.19004 0.00617 100 7948
0.11457 0.15550 0.08888 0.62585 0.01520 110 9601
0.09438 0.48171 0.10974 0.30751 0.00665 120 11422
0.03633 0.16751 0.02845 0.66219 0.10552 0 0
0.65431 0.13344 0.05104 0.11410 0.04712 10 85
0.30101 0.24035 0.41350 0.04154 0.00361 20 330
0.34747 0.39600 0.14388 0.10343 0.00921 30 731
0.07005 0.77046 0.01299 0.14034 0.00615 40 1292
0.04678 0.74623 0.00404 0.19668 0.00627 50 2005
0.04227 0.72605 0.00081 0.23001 0.00087 60 2878
0.06535 0.72537 0.00375 0.19924 0.00629 70 3909
0.03573 0.75385 0.00098 0.20436 0.00508 80 5096
0.17256 0.63344 0.00281 0.18693 0.00426 90 6447
0.10215 0.62059 0.00608 0.26559 0.00560 100 7948
0.22228 0.32184 0.02975 0.41285 0.01328 110 9509
0.12138 0.56436 0.00984 0.30020 0.00423 120 10858
0.46000 0.43564 0.01989 0.01029 0.07418 0 0
0.74750 0.05059 0.00203 0.11163 0.08826 10 85
0.32716 0.03165 0.00546 0.62013 0.01560 20 330
0.27646 0.36798 0.29139 0.05248 0.01169 30 731
0.05338 0.66621 0.21778 0.05618 0.00645 40 1292
0.01736 0.84152 0.04952 0.08945 0.00215 50 2005
0.11446 0.35836 0.23387 0.28528 0.00802 60 2878
0.16218 0.58997 0.11751 0.12499 0.00536 70 3909
0.08908 0.56231 0.05816 0.28572 0.00474 80 5096
0.02323 0.82984 0.02004 0.12533 0.00156 90 6447
0.13946 0.52302 0.02482 0.30753 0.00516 100 7948
0.13349 0.51601 0.09895 0.24271 0.00883 110 9601
0.19678 0.48401 0.05966 0.25431 0.00524 120 11422
0.00301 0.99695 0.00003 0.00001 0.00001 0 0
0.32373 0.31903 0.00837 0.28713 0.06175 10 85
0.45299 0.29287 0.06469 0.16175 0.02769 20 330
0.11455 0.46829 0.35393 0.03367 0.02957 30 731
0.07892 0.28530 0.55219 0.06718 0.01641 40 1292
0.02312 0.45042 0.39958 0.11645 0.01042 50 2005
0.06044 0.83615 0.01195 0.08602 0.00544 60 2878
0.26395 0.39436 0.09893 0.21951 0.02325 70 3909
0.03060 0.81791 0.04687 0.10216 0.00245 80 5096
0.03642 0.60185 0.04381 0.31274 0.00517 90 6447
0.06311 0.53227 0.03963 0.35783 0.00717 100 7948
0.05257 0.55244 0.04514 0.34348 0.00638 110 9601
0.10368 0.49701 0.04609 0.34457 0.00866 120 11422
0.00365 0.98808 0.00730 0.00034 0.00064 0 0
0.08432 0.11461 0.01225 0.75577 0.03305 10 85
0.82421 0.08039 0.01553 0.05495 0.02492 20 330
0.11472 0.17080 0.60970 0.06694 0.03783 30 731
0.08613 0.59174 0.21170 0.07733 0.03310 40 1292
0.07152 0.71216 0.06992 0.13549 0.01091 50 2005
0.04024 0.88822 0.00745 0.05999 0.00411 60 2878
0.04279 0.86946 0.00568 0.07918 0.00288 70 3909
0.05262 0.81129 0.00220 0.13052 0.00336 80 5096
0.02371 0.85943 0.00413 0.11198 0.00076 90 6447
0.16266 0.61065 0.00249 0.22218 0.00203 100 7948
0.03328 0.83195 0.00427 0.12936 0.00114 110 9601
0.03479 0.86330 0.00622 0.09431 0.00138 120 11074
0.00024 0.99669 0.00258 0.00044 0.00004 0 0
0.16004 0.39303 0.01436 0.27364 0.15893 10 85
0.83623 0.07220 0.02662 0.04288 0.02206 20 330
0.17833 0.38345 0.40740 0.01724 0.01358 30 731
0.13283 0.37574 0.39912 0.06676 0.02556 40 1292
0.17356 0.18821 0.59117 0.03580 0.01125 50 2005
0.03713 0.79408 0.02673 0.13615 0.00591 60 2878
0.05452 0.71347 0.06288 0.16137 0.00776 70 3909
0.01470 0.83118 0.11317 0.03863 0.00233 80 5096
0.04192 0.73779 0.11929 0.09771 0.00329 90 6447
0.02105 0.82012 0.03417 0.12059 0.00407 100 7948
0.04270 0.74669 0.11463 0.09175 0.00422 110 9509
0.02517 0.75036 0.11369 0.10827 0.00251 120 10858
0.22085 0.56384 0.01362 0.12041 0.08127 0 0
0.70993 0.05055 0.00399 0.20104 0.03449 10 85
0.58585 0.16621 0.17277 0.06785 0.00732 20 330
0.32978 0.49044 0.12325 0.04038 0.01616 30 731
0.07461 0.39723 0.38639 0.10998 0.03179 40 1292
0.09946 0.56198 0.02178 0.30310 0.01368 50 2005
0.18051 0.46661 0.02918 0.31277 0.01093 60 2878
0.03828 0.44704 0.09028 0.41312 0.01129 70 3909
0.08300 0.68099 0.03185 0.20112 0.00305 80 5096
0.07666 0.56362 0.02256 0.33002 0.00713 90 6447
0.09869 0.46152 0.03497 0.39805 0.00678 100 7630
0.56108 0.17994 0.00696 0.24099 0.01104 110 8705
0.38088 0.25380 0.01027 0.34565 0.00940 120 9738
0.00296 0.99506 0.00027 0.00167 0.00004 0 0
0.69208 0.05715 0.01164 0.19738 0.04175 10 85
0.30265 0.49508 0.11691 0.06507 0.02029 20 330
0.22630 0.23589 0.45614 0.04872 0.03294 30 731
0.27256 0.39229 0.09182 0.22959 0.01372 40 1292
0.08867 0.81868 0.00936 0.08124 0.00205 50 2005
0.17415 0.59240 0.00506 0.22293 0.00546 60 2878
0.15052 0.66147 0.00270 0.18180 0.00351 70 3909
0.03689 0.84174 0.00086 0.11911 0.00140 80 5096
0.15047 0.55465 0.00133 0.28746 0.00608 90 6447
0.19119 0.54219 0.00796 0.25117 0.00749 100 7948
0.13437 0.51460 0.00205 0.34330 0.00568 110 9601
0.27559 0.46559 0.00398 0.24901 0.00584 120 11253
0.11816 0.86762 0.00094 0.00779 0.00549 0 0
0.25236 0.24270 0.00527 0.41560 0.08407 10 85
0.49041 0.35179 0.00820 0.14082 0.00879 20 330
0.19192 0.63092 0.12229 0.03287 0.02201 30 731
0.06458 0.78725 0.04687 0.09157 0.00972 40 1292
0.12780 0.62713 0.04760 0.18200 0.01547 50 2005
0.11490 0.63486 0.02674 0.20782 0.01567 60 2878
0.03442 0.81105 0.01187 0.14143 0.00123 70 3909
0.09726 0.69202 0.00992 0.19378 0.00702 80 5096
0.13481 0.67290 0.01231 0.17676 0.00322 90 6447
0.38151 0.22250 0.07259 0.31450 0.00889 100 7948
0.25307 0.52780 0.04442 0.17114 0.00358 110 9601
0.33398 0.38632 0.01882 0.25795 0.00294 120 11422
0.10062 0.83249 0.00125 0.01180 0.05383 0 0
0.55760 0.25827 0.00045 0.14764 0.03604 10 85
0.33614 0.03817 0.01344 0.58546 0.02679 20 330
0.14192 0.38969 0.04437 0.38546 0.03856 30 731
0.07639 0.61818 0.02135 0.25708 0.02700 40 1292
0.18809 0.46927 0.00923 0.30619 0.02722 50 2005
0.02324 0.26648 0.01691 0.68694 0.00643 60 2878
0.16984 0.08749 0.07121 0.62280 0.04866 70 3909
0.12594 0.16335 0.13774 0.48796 0.08502 80 5096
0.10626 0.23004 0.06355 0.57740 0.02276 90 6447
0.17649 0.07222 0.06866 0.64471 0.03792 100 7948
0.29989 0.11125 0.04313 0.52514 0.02059 110 9601
0.20851 0.06870 0.12153 0.57343 0.02783 120 11422
0.18502 0.58187 0.12293 0.08199 0.02819 0 0
0.00966 0.00074 0.00021 0.98447 0.00491 10 85
0.12577 0.04300 0.03038 0.79523 0.00562 20 330
0.15027 0.35239 0.42507 0.06588 0.00639 30 731
0.08915 0.63594 0.24980 0.01629 0.00882 40 1292
0.15817 0.53723 0.15470 0.12142 0.02847 50 2005
0.15639 0.22137 0.03132 0.57291 0.01801 60 2878
0.08087 0.27750 0.06473 0.56740 0.00949 70 3909
0.12384 0.14207 0.07619 0.63343 0.02447 80 5096
0.12577 0.17659 0.12286 0.55902 0.01577 90 6447
0.20051 0.05436 0.08570 0.64257 0.01686 100 7948
0.10488 0.04281 0.06181 0.76961 0.02089 110 9601
0.31880 0.07751 0.03451 0.54531 0.02387 120 11422
0.15639 0.84269 0.00028 0.00056 0.00007 0 0
0.34766 0.29371 0.00530 0.25619 0.09713 10 85
0.78442 0.11129 0.00878 0.06443 0.03107 20 330
0.24244 0.21835 0.48716 0.03773 0.01432 30 731
0.10812 0.32421 0.49706 0.04722 0.02339 40 1292
0.07446 0.69520 0.14686 0.07311 0.01037 50 2005
0.10686 0.50024 0.06439 0.32016 0.00835 60 2878
0.13840 0.35061 0.08741 0.40852 0.01505 70 3909
0.08068 0.12081 0.10206 0.67649 0.01995 80 5096
0.10606 0.06087 0.04298 0.77753 0.01256 90 6447
0.09280 0.01608 0.04158 0.83806 0.01148 100 7948
0.11336 0.04253 0.05160 0.76536 0.02715 110 9601
0.22127 0.03636 0.08101 0.63219 0.02917 120 11422
0.06377 0.90871 0.01358 0.00847 0.00547 0 0
0.35144 0.11325 0.01222 0.31850 0.20458 10 85
0.41776 0.34277 0.05288 0.16480 0.02179 20 330
0.08804 0.47322 0.38482 0.03980 0.01413 30 731
0.14772 0.60182 0.21312 0.02439 0.01296 40 1292
0.15115 0.38770 0.09769 0.35403 0.00944 50 2005
0.30145 0.29570 0.04546 0.34431 0.01307 60 2878
0.09602 0.46888 0.07383 0.34847 0.01280 70 3909
0.07055 0.64453 0.10246 0.17848 0.00398 80 5096
0.36278 0.27334 0.03733 0.30068 0.02587 90 6447
0.18509 0.31465 0.02934 0.45760 0.01332 100 7630
0.10442 0.40226 0.04672 0.43880 0.00780 110 8705
0.10863 0.51381 0.02398 0.34966 0.00392 120 9738
0.00748 0.98664 0.00025 0.00493 0.00071 0 0
0.03768 0.04163 0.00357 0.89344 0.02368 10 85
0.30326 0.44273 0.12242 0.09598 0.03561 20 330
0.05605 0.76080 0.04811 0.11736 0.01767 30 731
0.16465 0.49897 0.09696 0.19693 0.04249 40 1292
0.02574 0.93570 0.00246 0.03436 0.00174 50 2005
0.07161 0.87312 0.00278 0.05086 0.00162 60 2878
0.02556 0.85359 0.00180 0.11579 0.00325 70 3909
0.05937 0.68666 0.00129 0.24883 0.00385 80 5096
0.06889 0.67393 0.00838 0.24395 0.00485 90 6447
0.09329 0.43891 0.00890 0.44862 0.01029 100 7948
0.08547 0.59720 0.00463 0.30904 0.00365 110 9601
0.07064 0.66394 0.00591 0.25609 0.00342 120 11357
0.02065 0.96451 0.00110 0.01097 0.00278 0 0
0.49754 0.22134 0.01659 0.19377 0.07076 10 85
0.62210 0.13872 0.07748 0.12838 0.03331 20 330
0.50543 0.41353 0.05361 0.01969 0.00774 30 731
0.17998 0.22333 0.52177 0.05404 0.02088 40 1292
0.06571 0.64926 0.07355 0.19895 0.01253 50 2005
0.03454 0.73247 0.06991 0.15686 0.00622 60 2878
0.01805 0.81362 0.04108 0.12358 0.00366 70 3909
0.11029 0.55692 0.08655 0.23909 0.00715 80 5096
0.10012 0.61246 0.04207 0.23951 0.00584 90 6447
0.11336 0.47802 0.07779 0.31991 0.01092 100 7948
0.06849 0.34163 0.06137 0.52368 0.00482 110 9601
0.07641 0.34595 0.07661 0.49260 0.00843 120 11291
0.01991 0.92913 0.04525 0.00323 0.00248 0 0
0.31951 0.08633 0.00748 0.52583 0.06085 10 85
0.23366 0.32013 0.28063 0.13954 0.02604 20 330
0.05709 0.05145 0.85962 0.01672 0.01512 30 731
0.06205 0.08459 0.79632 0.03971 0.01732 40 1292
0.15552 0.59700 0.11157 0.11784 0.01807 50 2005
0.02582 0.88148 0.00416 0.08636 0.00218 60 2878
0.01943 0.90425 0.00400 0.07051 0.00181 70 3909
0.02244 0.89997 0.00184 0.07502 0.00073 80 5096
0.08679 0.61103 0.00407 0.29530 0.00281 90 6447
0.10668 0.60067 0.01309 0.27314 0.00642 100 7948
0.13930 0.56911 0.00618 0.27958 0.00584 110 9601
0.11574 0.55700 0.01060 0.31210 0.00455 120 11326
0.00029 0.99875 0.00083 0.00005 0.00008 0 0
0.15612 0.09255 0.00661 0.69627 0.04845 10 85
0.77843 0.11145 0.07300 0.03104 0.00607 20 330
0.17801 0.66006 0.10075 0.03434 0.02685 30 731
0.18271 0.33662 0.42151 0.04337 0.01580 40 1292
0.05555 0.54789 0.35676 0.03279 0.00701 50 2005
0.05212 0.59934 0.16468 0.17531 0.00856 60 2878
0.02803 0.75147 0.05330 0.15962 0.00758 70 3909
0.03415 0.83710 0.04070 0.08552 0.00253 80 5096
0.05924 0.58672 0.05453 0.29218 0.00733 90 6447
0.03017 0.74130 0.09079 0.13241 0.00533 100 7948
0.04521 0.68356 0.04754 0.21797 0.00573 110 9601
0.03120 0.69713 0.04667 0.22138 0.00362 120 11422
0.05773 0.93884 0.00262 0.00015 0.00067 0 0
0.34039 0.24709 0.03080 0.11319 0.26853 10 85
0.71466 0.18017 0.03870 0.05002 0.01645 20 330
0.17264 0.74169 0.02699 0.03523 0.02344 30 731
0.16917 0.53761 0.16816 0.07457 0.05050 40 1292
0.11903 0.67963 0.10621 0.06665 0.02848 50 2005
0.06270 0.69319 0.04584 0.18109 0.01718 60 2878
0.15505 0.22225 0.14043 0.44990 0.03237 70 3909
0.14348 0.30836 0.25545 0.28692 0.00578 80 5096
0.10279 0.14837 0.07017 0.63975 0.03892 90 6447
0.12270 0.06566 0.05367 0.74393 0.01404 100 7948
0.05572 0.04435 0.03077 0.84753 0.02163 110 9601
0.35693 0.04052 0.14497 0.40860 0.04898 120 11422
0.01767 0.98034 0.00144 0.00030 0.00026 0 0
0.20924 0.06741 0.02745 0.59362 0.10227 10 85
0.63308 0.14024 0.14633 0.04909 0.03126 20 330
0.49154 0.22896 0.21452 0.03164 0.03334 30 731
0.09829 0.12676 0.68328 0.06952 0.02214 40 1292
0.05659 0.45658 0.12721 0.32228 0.03733 50 2005
0.08566 0.74667 0.01188 0.15025 0.00554 60 2878
0.29464 0.44454 0.01862 0.23186 0.01034 70 3909
0.16813 0.59955 0.00883 0.21861 0.00488 80 5096
0.17014 0.32187 0.00771 0.49455 0.00573 90 6447
0.21353 0.26266 0.02504 0.48903 0.00974 100 7948
0.17933 0.46850 0.02373 0.32157 0.00686 110 9601
0.29909 0.18212 0.02009 0.48990 0.00880 120 11326
0.69279 0.06932 0.09223 0.09570 0.04996 0 0
0.45765 0.06239 0.01152 0.41591 0.05252 10 85
0.74386 0.15481 0.06296 0.02852 0.00984 20 330
0.10002 0.45320 0.38222 0.04113 0.02343 30 731
0.11048 0.45644 0.29270 0.11115 0.02922 40 1292
0.10709 0.50267 0.19827 0.17500 0.01698 50 2005
0.02724 0.82392 0.07906 0.06758 0.00220 60 2878
0.05410 0.32001 0.16185 0.45606 0.00797 70 3909
0.06152 0.56228 0.08306 0.28639 0.00675 80 5096
0.16881 0.10149 0.07467 0.61088 0.04414 90 6447
0.14704 0.23052 0.12722 0.48175 0.01347 100 7630
0.16982 0.12329 0.07990 0.61237 0.01462 110 8705
0.20541 0.21246 0.04216 0.52653 0.01344 120 9738
0.21260 0.78635 0.00073 0.00020 0.00011 0 0
0.61158 0.23718 0.00702 0.05809 0.08613 10 85
0.55085 0.11209 0.21910 0.06814 0.04982 20 330
0.64558 0.16593 0.15408 0.01826 0.01615 30 731
0.16691 0.40794 0.33424 0.06902 0.02189 40 1292
0.03094 0.68861 0.10655 0.16083 0.01308 50 2005
0.01368 0.93460 0.01070 0.03895 0.00208 60 2878
0.01741 0.88208 0.02854 0.06887 0.00310 70 3909
0.01401 0.75266 0.03170 0.19889 0.00273 80 5096
0.01689 0.57468 0.04766 0.35866 0.00210 90 6447
0.07899 0.63888 0.03183 0.24555 0.00476 100 7948
0.05554 0.64034 0.01889 0.28275 0.00249 110 9601
0.10339 0.52101 0.02645 0.34374 0.00542 120 11422
0.01088 0.98741 0.00116 0.00022 0.00033 0 0
0.46633 0.29131 0.00915 0.08690 0.14630 10 85
0.80383 0.08775 0.00329 0.07063 0.03449 20 330
0.14185 0.45766 0.31169 0.07574 0.01307 30 731
0.12410 0.48620 0.36559 0.01071 0.01339 40 1292
0.17379 0.41708 0.33929 0.05578 0.01406 50 2005
0.12816 0.55020 0.24591 0.06893 0.00680 60 2878
0.07171 0.72337 0.01650 0.18444 0.00397 70 3909
0.05352 0.78641 0.04131 0.11570 0.00307 80 5096
0.07162 0.71516 0.00661 0.20429 0.00232 90 6447
0.32864 0.34533 0.05097 0.26930 0.00576 100 7948
0.33630 0.27947 0.02205 0.35029 0.01189 110 9601
0.21116 0.39690 0.05972 0.32168 0.01054 120 11291
0.01337 0.98573 0.00002 0.00086 0.00002 0 0
0.69522 0.12609 0.02530 0.03388 0.11950 10 85
0.63613 0.17971 0.05208 0.11612 0.01596 20 330
0.41092 0.06696 0.47916 0.02828 0.01468 30 731
0.21276 0.44786 0.29412 0.01331 0.03196 40 1292
0.06086 0.61384 0.26791 0.04843 0.00895 50 2005
0.13082 0.52684 0.15366 0.17677 0.01190 60 2878
0.02553 0.79105 0.08531 0.09502 0.00309 70 3909
0.02464 0.85292 0.02633 0.09355 0.00256 80 5096
0.06703 0.51622 0.09411 0.30916 0.01348 90 6447
0.12004 0.56157 0.06443 0.24181 0.01215 100 7948
0.02587 0.76265 0.07148 0.13426 0.00574 110 9601
0.03879 0.78153 0.03120 0.14582 0.00266 120 11422
0.70167 0.16081 0.11540 0.00562 0.01650 0 0
0.57972 0.16652 0.04590 0.07069 0.13718 10 85
0.80546 0.11697 0.02028 0.02549 0.03180 20 330
0.17334 0.53818 0.21369 0.04610 0.02870 30 731
0.12090 0.55069 0.23179 0.07239 0.02423 40 1292
0.02909 0.76217 0.04679 0.15102 0.01092 50 2005
0.06678 0.68999 0.15212 0.08333 0.00778 60 2878
0.04608 0.79679 0.03992 0.10909 0.00812 70 3909
0.08517 0.57796 0.19193 0.13453 0.01041 80 5096
0.04094 0.69530 0.08563 0.16973 0.00841 90 6447
0.12924 0.23991 0.07362 0.54229 0.01494 100 7948
0.05078 0.22830 0.33741 0.36970 0.01381 110 9601
0.13412 0.47796 0.09649 0.27959 0.01183 120 11422
0.52455 0.43416 0.00287 0.02757 0.01085 0 0
0.18018 0.23046 0.02452 0.52937 0.03547 10 85
0.20005 0.07346 0.02553 0.67273 0.02823 20 330
0.07911 0.33631 0.03828 0.49137 0.05493 30 731
0.05639 0.77798 0.07151 0.08152 0.01261 40 1292
0.02421 0.74938 0.00808 0.20787 0.01046 50 2005
0.03637 0.49114 0.02935 0.42451 0.01862 60 2878
0.11652 0.12950 0.01537 0.70434 0.03427 70 3909
0.03051 0.47829 0.02931 0.45420 0.00769 80 5096
0.13975 0.33944 0.08690 0.42078 0.01314 90 6447
0.13020 0.07356 0.08037 0.69236 0.02351 100 7948
0.24116 0.17853 0.04793 0.51650 0.01587 110 9586
0.09254 0.17548 0.06246 0.66143 0.00808 120 11023
0.52010 0.32133 0.02322 0.13495 0.00040 0 0
0.51544 0.20343 0.00389 0.13861 0.13864 10 85
0.70115 0.16305 0.01504 0.08703 0.03372 20 330
0.37418 0.26075 0.31551 0.03081 0.01875 30 731
0.10038 0.69479 0.15828 0.03114 0.01540 40 1292
0.06636 0.56105 0.19497 0.16658 0.01104 50 2005
0.02867 0.80746 0.09122 0.06794 0.00471 60 2878
0.01418 0.82203 0.03947 0.12235 0.00196 70 3909
0.07459 0.60330 0.09105 0.22224 0.00881 80 5096
0.01724 0.78283 0.03324 0.16129 0.00540 90 6447
0.05325 0.52228 0.14700 0.26842 0.00904 100 7948
0.03075 0.48881 0.13136 0.34315 0.00593 110 9601
0.08384 0.43929 0.10509 0.35712 0.01466 120 11422
0.00112 0.99843 0.00043 0.00002 0.00000 0 0
0.54501 0.25925 0.00334 0.11004 0.08235 10 85
0.27241 0.13976 0.01854 0.53872 0.03057 20 330
0.13576 0.29682 0.54120 0.01830 0.00791 30 731
0.06628 0.72475 0.14976 0.03676 0.02246 40 1292
0.02082 0.79223 0.08172 0.09190 0.01333 50 2005
0.01236 0.89676 0.02922 0.05885 0.00280 60 2878
0.03635 0.85264 0.03710 0.06882 0.00510 70 3909
0.03082 0.68840 0.06704 0.20856 0.00518 80 5096
0.01576 0.72075 0.04997 0.20712 0.00641 90 6447
0.04145 0.68695 0.04510 0.21565 0.01086 100 7948
0.11700 0.58443 0.09281 0.19473 0.01103 110 9601
0.08656 0.72603 0.03180 0.15027 0.00533 120 11422
0.14660 0.83772 0.00345 0.01155 0.00068 0 0
0.22924 0.11837 0.01771 0.60159 0.03309 10 85
0.27696 0.43374 0.15921 0.09949 0.03059 20 330
0.18245 0.20280 0.45970 0.12873 0.02631 30 731
0.33595 0.22295 0.23428 0.16069 0.04613 40 1292
0.10628 0.52897 0.00909 0.34677 0.00889 50 2005
0.17305 0.41182 0.01023 0.39558 0.00932 60 2878
0.04684 0.67831 0.00377 0.26779 0.00330 70 3909
0.19549 0.28793 0.00662 0.49109 0.01887 80 5096
0.05682 0.39849 0.00739 0.53071 0.00658 90 6447
0.12547 0.16619 0.05477 0.63472 0.01886 100 7948
0.29257 0.31684 0.02343 0.36172 0.00544 110 9601
0.25039 0.17531 0.05766 0.49490 0.02174 120 11422
0.00238 0.57256 0.03624 0.37865 0.01017 0 0
0.19678 0.19071 0.05406 0.43788 0.12057 10 85
0.40986 0.20653 0.00949 0.34182 0.03230 20 330
0.25282 0.52693 0.15951 0.03663 0.02411 30 731
0.18002 0.40461 0.31088 0.06165 0.04284 40 1292
0.06671 0.50367 0.36942 0.04023 0.01997 50 2005
0.02273 0.83795 0.02820 0.09541 0.01570 60 2878
0.05720 0.67642 0.04785 0.21071 0.00782 70 3909
0.02890 0.56545 0.06786 0.33030 0.00748 80 5096
0.01699 0.84802 0.03256 0.10025 0.00218 90 6447
0.00841 0.85080 0.05081 0.08693 0.00305 100 7948
0.08084 0.69217 0.03357 0.18918 0.00424 110 9601
0.03550 0.77508 0.03548 0.15270 0.00125 120 11422
0.06243 0.90306 0.00080 0.02652 0.00719 0 0
0.42184 0.14366 0.00508 0.39448 0.03494 10 85
0.68099 0.24342 0.02702 0.03389 0.01468 20 330
0.34647 0.26383 0.35154 0.02807 0.01009 30 731
0.09899 0.11321 0.69647 0.08425 0.00708 40 1292
0.43694 0.22443 0.04411 0.27765 0.01686 50 2005
0.41529 0.17296 0.02015 0.36600 0.02561 60 2878
0.07662 0.32865 0.01134 0.57821 0.00518 70 3909
0.45572 0.20600 0.03968 0.28227 0.01633 80 5096
0.24865 0.16734 0.11003 0.46415 0.00982 90 6447
0.16458 0.22608 0.03493 0.56493 0.00948 100 7630
0.39053 0.18803 0.01577 0.39680 0.00888 110 8705
0.47119 0.13666 0.01143 0.37564 0.00508 120 9738
0.00057 0.99285 0.00092 0.00546 0.00020 0 0
0.64896 0.23664 0.01604 0.03031 0.06805 10 85
0.76080 0.12033 0.02249 0.07366 0.02272 20 330
0.58225 0.16729 0.20044 0.03445 0.01556 30 731
0.05525 0.60920 0.26826 0.05665 0.01064 40 1292
0.04259 0.57644 0.05242 0.31600 0.01255 50 2005
0.04234 0.66457 0.05707 0.22766 0.00835 60 2878
0.01910 0.68869 0.03103 0.25523 0.00596 70 3909
0.15016 0.35257 0.03980 0.44862 0.00885 80 5096
0.09097 0.50439 0.04902 0.34654 0.00908 90 6447
0.05629 0.25050 0.03058 0.65498 0.00765 100 7948
0.04319 0.49897 0.02839 0.42380 0.00564 110 9601
0.02648 0.32265 0.02324 0.62299 0.00464 120 11422
0.01225 0.98523 0.00240 0.00004 0.00007 0 0
0.31900 0.30027 0.00782 0.21606 0.15684 10 85
0.56812 0.13101 0.06441 0.18929 0.04717 20 330
0.22343 0.12009 0.60364 0.04505 0.00778 30 731
0.13048 0.50604 0.32125 0.01840 0.02383 40 1292
0.02087 0.30486 0.57897 0.07955 0.01575 50 2005
0.06152 0.72751 0.02003 0.18678 0.00416 60 2878
0.06497 0.36714 0.02711 0.53353 0.00725 70 3909
0.02133 0.84004 0.01493 0.12211 0.00158 80 5096
0.02613 0.80117 0.01178 0.16039 0.00053 90 6447
0.03862 0.47068 0.04958 0.43975 0.00136 100 7948
0.06694 0.32725 0.02904 0.57210 0.00466 110 9601
0.01307 0.76915 0.02808 0.18938 0.00032 120 11422
0.31056 0.66196 0.00422 0.01742 0.00584 0 0
0.34867 0.23222 0.14333 0.16597 0.10981 10 85
0.62020 0.10292 0.21407 0.04541 0.01740 20 330
0.44882 0.35502 0.14337 0.04233 0.01046 30 731
0.43874 0.20286 0.01913 0.30077 0.03850 40 1292
0.07113 0.73632 0.01666 0.15245 0.02344 50 2005
0.16671 0.26115 0.01178 0.54237 0.01800 60 2878
0.09748 0.43872 0.00765 0.45013 0.00603 70 3909
0.13861 0.35574 0.01446 0.48306 0.00813 80 5096
0.17151 0.27509 0.00382 0.54398 0.00559 90 6447
0.36689 0.42522 0.00941 0.19303 0.00545 100 7948
0.28964 0.35738 0.00369 0.34501 0.00428 110 9440
0.21424 0.34610 0.00433 0.43037 0.00496 120 10739
0.00076 0.99851 0.00028 0.00040 0.00005 0 0
0.04865 0.29823 0.01486 0.55586 0.08239 10 85
0.80462 0.08403 0.04501 0.04914 0.01721 20 330
0.25356 0.23462 0.46573 0.02704 0.01904 30 731
0.08412 0.39371 0.09016 0.38762 0.04438 40 1292
0.04111 0.72010 0.19314 0.04150 0.00414 50 2005
0.01404 0.87417 0.02898 0.08008 0.00272 60 2878
0.02511 0.85647 0.02248 0.09273 0.00321 70 3909
0.03444 0.75230 0.04613 0.16308 0.00406 80 5096
0.07436 0.62631 0.05448 0.23605 0.00879 90 6447
0.04263 0.64665 0.05773 0.24575 0.00724 100 7948
0.06852 0.64710 0.03084 0.24690 0.00665 110 9601
0.04503 0.74836 0.02265 0.17929 0.00467 120 11422
0.01375 0.94843 0.00808 0.00182 0.02792 0 0
0.59704 0.13286 0.02754 0.10815 0.13440 10 85
0.61102 0.27555 0.01002 0.07374 0.02967 20 330
0.22618 0.48894 0.13859 0.12550 0.02078 30 731
0.11602 0.63995 0.02153 0.19235 0.03015 40 1292
0.03841 0.24564 0.00391 0.68674 0.02530 50 2005
0.04179 0.41096 0.00755 0.52997 0.00974 60 2878
0.07916 0.13831 0.00991 0.75145 0.02117 70 3909
0.13226 0.29002 0.03167 0.53145 0.01459 80 5096
0.03882 0.02697 0.05033 0.86619 0.01769 90 6447
0.05501 0.01090 0.05057 0.85693 0.02658 100 7948
0.08528 0.01267 0.03358 0.85979 0.00869 110 9601
0.08187 0.00803 0.07372 0.82777 0.00860 120 11422
0.73394 0.00457 0.20651 0.01443 0.04055 0 0
0.33403 0.02838 0.00865 0.59367 0.03527 10 85
0.58429 0.21768 0.15056 0.03858 0.00890 20 330
0.10255 0.75504 0.10329 0.02644 0.01268 30 731
0.07241 0.81772 0.05827 0.03544 0.01617 40 1292
0.06251 0.68229 0.11899 0.11569 0.02052 50 2005
0.03859 0.71495 0.06034 0.17420 0.01192 60 2878
0.03917 0.74925 0.03957 0.16302 0.00899 70 3909
0.17039 0.41302 0.04719 0.33927 0.03013 80 5096
0.14573 0.24663 0.09348 0.47951 0.03465 90 6447
0.07362 0.27175 0.08741 0.55278 0.01444 100 7948
0.11340 0.27338 0.06118 0.54029 0.01173 110 9601
0.20849 0.24688 0.06309 0.46095 0.02059 120 11384
0.01298 0.69799 0.00219 0.12743 0.15940 0 0
0.37724 0.02307 0.00191 0.56345 0.03433 10 85
0.15911 0.15085 0.00374 0.66201 0.02430 20 330
0.04979 0.79416 0.02237 0.09588 0.03780 30 731
0.01870 0.81946 0.00408 0.15103 0.00673 40 1292
0.00429 0.73793 0.00145 0.25222 0.00410 50 2005
0.00840 0.52963 0.00062 0.45876 0.00260 60 2878
0.03056 0.52943 0.00197 0.43070 0.00734 70 3909
0.04261 0.28441 0.01226 0.65127 0.00945 80 5096
0.04717 0.46776 0.00649 0.47540 0.00318 90 6447
0.08604 0.18903 0.02091 0.69594 0.00807 100 7948
0.12645 0.36853 0.01389 0.48061 0.01052 110 9601
0.09458 0.13681 0.04360 0.71473 0.01028 120 11422
0.00221 0.99502 0.00072 0.00168 0.00037 0 0
0.26809 0.15874 0.01308 0.46433 0.09576 10 85
0.72026 0.08916 0.03775 0.12061 0.03223 20 330
0.14324 0.58238 0.04590 0.18941 0.03907 30 731
0.09699 0.74472 0.04078 0.10131 0.01621 40 1292
0.09241 0.75126 0.01527 0.13670 0.00436 50 2005
0.06221 0.80007 0.00313 0.12982 0.00476 60 2878
0.02092 0.80035 0.00234 0.17419 0.00219 70 3909
0.02714 0.77505 0.01597 0.17461 0.00722 80 5096
0.01732 0.69365 0.00625 0.28133 0.00145 90 6447
0.07566 0.72958 0.01700 0.17540 0.00237 100 7948
0.05894 0.72388 0.01090 0.20369 0.00258 110 9601
0.07615 0.61954 0.02258 0.27757 0.00417 120 11406
0.05955 0.70541 0.18961 0.00897 0.03646 0 0
0.41357 0.26589 0.00844 0.20374 0.10836 10 85
0.71924 0.10815 0.01894 0.12866 0.02502 20 330
0.68669 0.19098 0.04387 0.06280 0.01566 30 731
0.03493 0.66711 0.01516 0.27014 0.01267 40 1292
0.14575 0.23029 0.02145 0.59283 0.00968 50 2005
0.08641 0.06727 0.01008 0.81997 0.01627 60 2878
0.30484 0.11562 0.01481 0.55238 0.01235 70 3909
0.19527 0.12507 0.01974 0.63815 0.02177 80 5096
0.20558 0.04154 0.06067 0.66988 0.02232 90 6447
0.35490 0.08011 0.06048 0.46263 0.04188 100 7948
0.19641 0.04811 0.03006 0.71536 0.01006 110 9601
0.17042 0.13887 0.04553 0.63540 0.00978 120 11422
0.47027 0.52723 0.00005 0.00207 0.00038 0 0
0.71886 0.19764 0.00469 0.06258 0.01623 10 85
0.62920 0.15607 0.09800 0.10627 0.01046 20 330
0.25735 0.50747 0.21784 0.01032 0.00702 30 731
0.05300 0.74072 0.08211 0.10166 0.02251 40 1292
0.41190 0.18138 0.04556 0.34009 0.02107 50 2005
0.29970 0.28316 0.02644 0.37862 0.01208 60 2878
0.47900 0.22833 0.02277 0.25368 0.01623 70 3909
0.59978 0.15675 0.01721 0.22130 0.00496 80 5096
0.30596 0.19030 0.02913 0.45933 0.01527 90 6447
0.29682 0.52354 0.01553 0.15480 0.00931 100 7630
0.75060 0.12475 0.01482 0.10022 0.00962 110 8705
0.31882 0.41678 0.00991 0.24919 0.00531 120 9738
0.49810 0.42086 0.07700 0.00200 0.00203 0 0
0.84291 0.06841 0.03134 0.03245 0.02489 10 85
0.77972 0.07438 0.03397 0.08446 0.02747 20 330
0.19872 0.35831 0.32611 0.09794 0.01892 30 731
0.02025 0.30272 0.63429 0.03573 0.00701 40 1292
0.01595 0.80110 0.05302 0.12374 0.00619 50 2005
0.01142 0.78933 0.04738 0.14943 0.00245 60 2878
0.19835 0.52314 0.08715 0.18694 0.00442 70 3909
0.04649 0.75406 0.06514 0.13089 0.00344 80 5096
0.14702 0.38147 0.06368 0.37495 0.03287 90 6447
0.20752 0.48936 0.05048 0.24484 0.00779 100 7948
0.21502 0.24118 0.10590 0.41701 0.02088 110 9601
0.27791 0.45643 0.02429 0.23029 0.01108 120 11422
0.66321 0.30202 0.01647 0.00650 0.01180 0 0
0.02828 0.00290 0.00049 0.95210 0.01624 10 85
0.40041 0.18586 0.04308 0.32288 0.04777 20 330
0.12516 0.74881 0.08655 0.03408 0.00541 30 731
0.38739 0.32862 0.20806 0.06021 0.01572 40 1292
0.09959 0.66295 0.06821 0.15984 0.00941 50 2005
0.55100 0.14511 0.03531 0.24578 0.02281 60 2878
0.15576 0.32174 0.05933 0.45211 0.01106 70 3909
0.28919 0.27613 0.05124 0.36959 0.01385 80 5096
0.28984 0.40936 0.09197 0.20145 0.00738 90 6447
0.41945 0.18849 0.11262 0.27161 0.00784 100 7630
0.21705 0.31823 0.06273 0.39569 0.00630 110 8705
0.27627 0.38479 0.08992 0.24191 0.00712 120 9738
0.00485 0.85476 0.00082 0.03447 0.10511 0 0
0.57977 0.17571 0.02951 0.10776 0.10726 10 85
0.49528 0.18485 0.22721 0.04633 0.04632 20 330
0.21221 0.23669 0.48185 0.03017 0.03909 30 731
0.09868 0.22571 0.01377 0.63137 0.03048 40 1292
0.24317 0.18372 0.01873 0.53497 0.01941 50 2005
0.24763 0.05536 0.01149 0.61725 0.06828 60 2878
0.08605 0.08108 0.01914 0.79438 0.01936 70 3909
0.15951 0.00262 0.12810 0.60671 0.10306 80 5096
0.18758 0.00441 0.09211 0.61133 0.10458 90 6447
0.36277 0.00529 0.04111 0.45729 0.13355 100 7948
0.16131 0.00800 0.15369 0.61587 0.06113 110 9601
0.34696 0.00561 0.13867 0.43685 0.07193 120 11422
0.50934 0.48555 0.00094 0.00252 0.00166 0 0
0.51456 0.20811 0.00814 0.19804 0.07115 10 85
0.77499 0.09868 0.04504 0.06509 0.01620 20 330
0.26961 0.51963 0.14731 0.03374 0.02970 30 731
0.22008 0.33130 0.32412 0.04594 0.07856 40 1292
0.08645 0.63198 0.15438 0.10684 0.02035 50 2005
0.06449 0.60599 0.13402 0.18301 0.01249 60 2878
0.07747 0.48613 0.06839 0.35435 0.01367 70 3909
0.06088 0.58067 0.02970 0.32253 0.00623 80 5096
0.02537 0.62504 0.07856 0.26570 0.00533 90 6447
0.03726 0.54885 0.09601 0.31147 0.00641 100 7948
0.12243 0.55285 0.02886 0.28812 0.00773 110 9601
0.35480 0.50197 0.00519 0.12983 0.00821 120 11422
0.01632 0.88842 0.01984 0.05560 0.01982 0 0
0.56441 0.09324 0.01060 0.26073 0.07103 10 85
0.67160 0.06136 0.16383 0.07622 0.02699 20 330
0.29661 0.44807 0.15350 0.07296 0.02886 30 731
0.14225 0.50950 0.12914 0.20220 0.01690 40 1292
0.17616 0.48605 0.20011 0.11786 0.01983 50 2005
0.00947 0.87625 0.03370 0.07783 0.00275 60 2878
0.05028 0.69704 0.07737 0.16696 0.00835 70 3909
0.10347 0.43458 0.11543 0.33139 0.01514 80 5096
0.03447 0.73866 0.04083 0.18015 0.00588 90 6447
0.07275 0.54906 0.05958 0.30894 0.00967 100 7948
0.04694 0.56668 0.09182 0.28901 0.00554 110 9601
0.03947 0.53437 0.05123 0.36964 0.00529 120 11422
0.00566 0.98086 0.00482 0.00652 0.00214 0 0
0.41522 0.10468 0.02752 0.38817 0.06441 10 85
0.52534 0.06201 0.03502 0.32892 0.04871 20 330
0.16603 0.31949 0.39630 0.08197 0.03621 30 731
0.10131 0.48785 0.15824 0.23127 0.02133 40 1292
0.27110 0.41837 0.11327 0.18795 0.00931 50 2005
0.08205 0.56429 0.02001 0.32326 0.01039 60 2878
0.26859 0.44028 0.03001 0.25580 0.00532 70 3909
0.16859 0.52464 0.01615 0.27810 0.01251 80 5096
0.08718 0.52397 0.02224 0.36076 0.00584 90 6447
0.05568 0.57789 0.02947 0.32640 0.01055 100 7948
0.06749 0.64851 0.03188 0.24513 0.00700 110 9601
0.04197 0.60905 0.04142 0.29899 0.00858 120 11422
0.03309 0.93698 0.00255 0.01644 0.01094 0 0
0.75768 0.02588 0.01617 0.18911 0.01115 10 85
0.73311 0.19528 0.03075 0.02512 0.01573 20 330
0.13742 0.28238 0.53053 0.03693 0.01275 30 731
0.08334 0.32244 0.50409 0.05121 0.03891 40 1292
0.03846 0.81085 0.08372 0.06240 0.00457 50 2005
0.04124 0.86759 0.02172 0.06455 0.00490 60 2878
0.01501 0.80311 0.01064 0.16920 0.00204 70 3909
0.07955 0.58716 0.01501 0.31478 0.00349 80 5096
0.05864 0.60937 0.01754 0.31202 0.00243 90 6447
0.14583 0.54105 0.04696 0.24906 0.01710 100 7948
0.03787 0.62837 0.03824 0.29212 0.00340 110 9601
0.07523 0.58915 0.02170 0.31195 0.00196 120 11422
0.16548 0.77079 0.01761 0.00503 0.04108 0 0
0.55039 0.09019 0.01270 0.12785 0.21887 10 85
0.75120 0.08318 0.05466 0.09217 0.01879 20 330
0.09419 0.22625 0.59513 0.06773 0.01671 30 731
0.20487 0.51466 0.03430 0.23541 0.01076 40 1292
0.04827 0.80841 0.00292 0.13702 0.00339 50 2005
0.06626 0.68707 0.01065 0.22558 0.01044 60 2878
0.02422 0.48734 0.00154 0.48140 0.00549 70 3909
0.06006 0.56314 0.00810 0.35356 0.01515 80 5096
0.08295 0.70328 0.00315 0.20706 0.00356 90 6447
0.03701 0.76829 0.00452 0.18895 0.00123 100 7948
0.15993 0.50532 0.01084 0.32022 0.00369 110 9601
0.13545 0.46496 0.02193 0.37301 0.00465 120 11422
0.00793 0.96438 0.00212 0.02123 0.00434 0 0
0.30835 0.42552 0.02717 0.20514 0.03382 10 85
0.71949 0.11516 0.01110 0.14194 0.01230 20 330
0.16945 0.74537 0.04920 0.02231 0.01367 30 731
0.09915 0.66228 0.13282 0.06537 0.04038 40 1292
0.02732 0.73544 0.05868 0.16922 0.00933 50 2005
0.02503 0.60228 0.04340 0.32325 0.00604 60 2878
0.01608 0.74357 0.03541 0.20123 0.00372 70 3909
0.02401 0.45971 0.05290 0.45820 0.00518 80 5096
0.05185 0.48420 0.05723 0.39916 0.00757 90 6447
0.01710 0.63976 0.06489 0.27521 0.00303 100 7948
0.00945 0.64982 0.01834 0.32063 0.00176 110 9601
0.03136 0.31709 0.03388 0.61192 0.00575 120 11422
0.00730 0.98483 0.00008 0.00680 0.00100 0 0
0.00907 0.18882 0.00097 0.80096 0.00018 10 85
0.59083 0.14847 0.15260 0.10032 0.00778 20 330
0.03833 0.14818 0.78299 0.01373 0.01677 30 731
0.03670 0.72402 0.09850 0.12959 0.01120 40 1292
0.23786 0.28754 0.08551 0.35669 0.03240 50 2005
0.10318 0.51779 0.02943 0.34071 0.00890 60 2878
0.17912 0.38350 0.01702 0.40545 0.01492 70 3909
0.14625 0.64869 0.00693 0.19475 0.00339 80 5096
0.36032 0.30451 0.01629 0.30917 0.00970 90 6447
0.25910 0.47935 0.01196 0.23904 0.01055 100 7948
0.21400 0.33190 0.01199 0.43049 0.01162 110 9586
0.40507 0.28300 0.01054 0.29375 0.00764 120 11023
0.08455 0.38862 0.00844 0.09860 0.41978 0 0
0.21771 0.13125 0.01591 0.62539 0.00974 10 85
0.24539 0.46537 0.24257 0.03423 0.01244 20 330
0.05141 0.30703 0.60395 0.02323 0.01437 30 731
0.16974 0.52447 0.27032 0.02067 0.01480 40 1292
0.22862 0.43934 0.15941 0.16260 0.01003 50 2005
0.15144 0.12417 0.21507 0.49280 0.01652 60 2878
0.10750 0.02860 0.48531 0.31252 0.06607 70 3909
0.29608 0.00886 0.09877 0.54268 0.05361 80 5096
0.09778 0.03421 0.21141 0.60551 0.05108 90 6333
0.18788 0.01234 0.18407 0.57722 0.03850 100 7381
0.08956 0.00550 0.11445 0.75604 0.03445 110 8367
0.08970 0.00960 0.12412 0.72472 0.05186 120 9323
0.55999 0.42744 0.00151 0.01029 0.00077 0 0
0.13314 0.23553 0.01410 0.54863 0.06860 10 85
0.50569 0.35046 0.04645 0.06708 0.03032 20 330
0.26031 0.36822 0.31739 0.03259 0.02148 30 731
0.24452 0.40768 0.13084 0.16802 0.04894 40 1292
0.09169 0.41425 0.02431 0.45161 0.01813 50 2005
0.08077 0.33669 0.01041 0.56742 0.00471 60 2878
0.07139 0.36320 0.00494 0.55539 0.00508 70 3909
0.08936 0.13471 0.00997 0.76035 0.00562 80 5096
0.06493 0.29878 0.00782 0.62446 0.00400 90 6447
0.18223 0.34906 0.01236 0.44692 0.00944 100 7948
0.09345 0.54103 0.01387 0.34790 0.00375 110 9601
0.25475 0.21484 0.01743 0.50572 0.00726 120 11422
